chemin, class, classe_LOC, classe_CLOC, classe_DC, WMC, classe_BC
/home/celia/jfreechart/CSVWriter.java,CSVWriter.java,57,26,0.45614034,3,0.15204678
/home/celia/jfreechart/LOCMetrics.java,LOCMetrics.java,85,33,0.3882353,13,0.029864253
/home/celia/jfreechart/experimental/org/jfree/experimental/chart/renderer/xy/XYSmoothLineAndShapeRenderer.java,XYSmoothLineAndShapeRenderer.java,263,112,0.42585552,12,0.03548796
/home/celia/jfreechart/experimental/org/jfree/experimental/chart/plot/CombinedXYPlot.java,CombinedXYPlot.java,122,74,0.60655737,9,0.06739526
/home/celia/jfreechart/experimental/org/jfree/experimental/chart/plot/CombinedCategoryPlot.java,CombinedCategoryPlot.java,122,74,0.60655737,9,0.06739526
/home/celia/jfreechart/experimental/org/jfree/experimental/chart/demo/CombinedXYPlotDemo1.java,CombinedXYPlotDemo1.java,240,83,0.34583333,8,0.043229166
/home/celia/jfreechart/experimental/org/jfree/experimental/chart/demo/CombinedCategoryPlotDemo1.java,CombinedCategoryPlotDemo1.java,196,72,0.36734694,6,0.06122449
/home/celia/jfreechart/source/org/jfree/data/xy/MatrixSeriesCollection.java,MatrixSeriesCollection.java,282,181,0.641844,24,0.0267435
/home/celia/jfreechart/source/org/jfree/data/xy/XIntervalSeries.java,XIntervalSeries.java,145,111,0.76551723,7,0.10935961
/home/celia/jfreechart/source/org/jfree/data/xy/XYBarDataset.java,XYBarDataset.java,353,248,0.7025496,29,0.024225848
/home/celia/jfreechart/source/org/jfree/data/xy/XisSymbolic.java,XisSymbolic.java,73,67,0.91780823,1,0.91780823
/home/celia/jfreechart/source/org/jfree/data/xy/IntervalXYDelegate.java,IntervalXYDelegate.java,448,274,0.61160713,40,0.015290178
/home/celia/jfreechart/source/org/jfree/data/xy/DefaultOHLCDataset.java,DefaultOHLCDataset.java,312,202,0.6474359,29,0.022325376
/home/celia/jfreechart/source/org/jfree/data/xy/YIntervalSeriesCollection.java,YIntervalSeriesCollection.java,325,216,0.6646154,26,0.02556213
/home/celia/jfreechart/source/org/jfree/data/xy/DefaultXYZDataset.java,DefaultXYZDataset.java,405,255,0.6296296,33,0.019079685
/home/celia/jfreechart/source/org/jfree/data/xy/XYRangeInfo.java,XYRangeInfo.java,63,56,0.8888889,1,0.8888889
/home/celia/jfreechart/source/org/jfree/data/xy/DefaultWindDataset.java,DefaultWindDataset.java,397,224,0.56423175,39,0.014467481
/home/celia/jfreechart/source/org/jfree/data/xy/XYIntervalSeries.java,XYIntervalSeries.java,178,135,0.75842696,8,0.09480337
/home/celia/jfreechart/source/org/jfree/data/xy/OHLCDataset.java,OHLCDataset.java,149,136,0.9127517,1,0.9127517
/home/celia/jfreechart/source/org/jfree/data/xy/XYDomainInfo.java,XYDomainInfo.java,62,55,0.88709676,1,0.88709676
/home/celia/jfreechart/source/org/jfree/data/xy/DefaultTableXYDataset.java,DefaultTableXYDataset.java,596,315,0.5285235,66,0.0080079315
/home/celia/jfreechart/source/org/jfree/data/xy/IntervalXYDataset.java,IntervalXYDataset.java,144,133,0.9236111,1,0.9236111
/home/celia/jfreechart/source/org/jfree/data/xy/DefaultHighLowDataset.java,DefaultHighLowDataset.java,395,260,0.65822786,33,0.0199463
/home/celia/jfreechart/source/org/jfree/data/xy/XIntervalSeriesCollection.java,XIntervalSeriesCollection.java,327,214,0.65443426,26,0.025170548
/home/celia/jfreechart/source/org/jfree/data/xy/CategoryTableXYDataset.java,CategoryTableXYDataset.java,381,255,0.6692913,33,0.020281555
/home/celia/jfreechart/source/org/jfree/data/xy/XYCoordinate.java,XYCoordinate.java,158,92,0.5822785,15,0.038818564
/home/celia/jfreechart/source/org/jfree/data/xy/XYDataItem.java,XYDataItem.java,246,152,0.6178862,21,0.029423151
/home/celia/jfreechart/source/org/jfree/data/xy/AbstractXYDataset.java,AbstractXYDataset.java,92,67,0.7282609,5,0.14565217
/home/celia/jfreechart/source/org/jfree/data/xy/OHLCDataItem.java,OHLCDataItem.java,186,115,0.6182796,16,0.038642474
/home/celia/jfreechart/source/org/jfree/data/xy/Vector.java,Vector.java,133,88,0.6616541,11,0.060150374
/home/celia/jfreechart/source/org/jfree/data/xy/XYSeriesCollection.java,XYSeriesCollection.java,692,353,0.5101156,78,0.006539944
/home/celia/jfreechart/source/org/jfree/data/xy/XYZDataset.java,XYZDataset.java,67,62,0.92537314,1,0.92537314
/home/celia/jfreechart/source/org/jfree/data/xy/YInterval.java,YInterval.java,117,79,0.6752137,10,0.06752137
/home/celia/jfreechart/source/org/jfree/data/xy/XYDatasetTableModel.java,XYDatasetTableModel.java,234,169,0.7222222,17,0.042483658
/home/celia/jfreechart/source/org/jfree/data/xy/MatrixSeries.java,MatrixSeries.java,208,136,0.65384614,20,0.032692306
/home/celia/jfreechart/source/org/jfree/data/xy/YIntervalSeries.java,YIntervalSeries.java,147,113,0.76870745,7,0.10981535
/home/celia/jfreechart/source/org/jfree/data/xy/NormalizedMatrixSeries.java,NormalizedMatrixSeries.java,133,103,0.7744361,6,0.12907268
/home/celia/jfreechart/source/org/jfree/data/xy/YisSymbolic.java,YisSymbolic.java,74,68,0.9189189,1,0.9189189
/home/celia/jfreechart/source/org/jfree/data/xy/AbstractIntervalXYDataset.java,AbstractIntervalXYDataset.java,118,82,0.69491524,8,0.086864404
/home/celia/jfreechart/source/org/jfree/data/xy/VectorDataItem.java,VectorDataItem.java,117,81,0.6923077,8,0.086538464
/home/celia/jfreechart/source/org/jfree/data/xy/YIntervalDataItem.java,YIntervalDataItem.java,109,72,0.6605505,8,0.08256881
/home/celia/jfreechart/source/org/jfree/data/xy/WindDataset.java,WindDataset.java,72,67,0.9305556,1,0.9305556
/home/celia/jfreechart/source/org/jfree/data/xy/DefaultXYDataset.java,DefaultXYDataset.java,353,219,0.6203966,30,0.020679887
/home/celia/jfreechart/source/org/jfree/data/xy/XYIntervalSeriesCollection.java,XYIntervalSeriesCollection.java,352,234,0.66477275,29,0.022923198
/home/celia/jfreechart/source/org/jfree/data/xy/XYInterval.java,XYInterval.java,148,94,0.6351351,13,0.04885655
/home/celia/jfreechart/source/org/jfree/data/xy/DefaultIntervalXYDataset.java,DefaultIntervalXYDataset.java,524,340,0.648855,38,0.01707513
/home/celia/jfreechart/source/org/jfree/data/xy/VectorXYDataset.java,VectorXYDataset.java,83,77,0.92771083,1,0.92771083
/home/celia/jfreechart/source/org/jfree/data/xy/XIntervalDataItem.java,XIntervalDataItem.java,109,72,0.6605505,8,0.08256881
/home/celia/jfreechart/source/org/jfree/data/xy/XYSeries.java,XYSeries.java,938,522,0.5565032,93,0.005983905
/home/celia/jfreechart/source/org/jfree/data/xy/VectorSeries.java,VectorSeries.java,158,118,0.7468355,8,0.093354434
/home/celia/jfreechart/source/org/jfree/data/xy/YWithXInterval.java,YWithXInterval.java,121,83,0.6859504,10,0.06859504
/home/celia/jfreechart/source/org/jfree/data/xy/VectorSeriesCollection.java,VectorSeriesCollection.java,298,196,0.6577181,23,0.02859644
/home/celia/jfreechart/source/org/jfree/data/xy/XYIntervalDataItem.java,XYIntervalDataItem.java,140,84,0.6,11,0.05454546
/home/celia/jfreechart/source/org/jfree/data/xy/TableXYDataset.java,TableXYDataset.java,57,53,0.9298246,1,0.9298246
/home/celia/jfreechart/source/org/jfree/data/xy/IntervalXYZDataset.java,IntervalXYZDataset.java,100,91,0.91,1,0.91
/home/celia/jfreechart/source/org/jfree/data/xy/XYDataset.java,XYDataset.java,119,108,0.90756303,1,0.90756303
/home/celia/jfreechart/source/org/jfree/data/xy/AbstractXYZDataset.java,AbstractXYZDataset.java,64,52,0.8125,2,0.40625
/home/celia/jfreechart/source/org/jfree/data/KeyedValues.java,KeyedValues.java,98,90,0.9183673,1,0.9183673
/home/celia/jfreechart/source/org/jfree/data/ComparableObjectSeries.java,ComparableObjectSeries.java,417,220,0.52757794,46,0.011469086
/home/celia/jfreechart/source/org/jfree/data/jdbc/JDBCPieDataset.java,JDBCPieDataset.java,227,122,0.53744495,11,0.04885863
/home/celia/jfreechart/source/org/jfree/data/jdbc/JDBCXYDataset.java,JDBCXYDataset.java,533,270,0.5065666,42,0.012061109
/home/celia/jfreechart/source/org/jfree/data/jdbc/JDBCCategoryDataset.java,JDBCCategoryDataset.java,293,154,0.5255973,16,0.03284983
/home/celia/jfreechart/source/org/jfree/data/RangeType.java,RangeType.java,124,82,0.66129035,9,0.0734767
/home/celia/jfreechart/source/org/jfree/data/KeyedValueComparatorType.java,KeyedValueComparatorType.java,101,73,0.7227723,7,0.103253186
/home/celia/jfreechart/source/org/jfree/data/gantt/XYTaskDataset.java,XYTaskDataset.java,422,249,0.5900474,42,0.014048748
/home/celia/jfreechart/source/org/jfree/data/gantt/TaskSeries.java,TaskSeries.java,183,116,0.6338798,16,0.039617486
/home/celia/jfreechart/source/org/jfree/data/gantt/GanttCategoryDataset.java,GanttCategoryDataset.java,168,151,0.89880955,1,0.89880955
/home/celia/jfreechart/source/org/jfree/data/gantt/SlidingGanttCategoryDataset.java,SlidingGanttCategoryDataset.java,570,337,0.59122807,49,0.012065879
/home/celia/jfreechart/source/org/jfree/data/gantt/TaskSeriesCollection.java,TaskSeriesCollection.java,623,334,0.5361156,62,0.008647026
/home/celia/jfreechart/source/org/jfree/data/gantt/Task.java,Task.java,227,142,0.6255507,21,0.029788127
/home/celia/jfreechart/source/org/jfree/data/DataUtilities.java,DataUtilities.java,269,142,0.527881,30,0.017596034
/home/celia/jfreechart/source/org/jfree/data/DomainOrder.java,DomainOrder.java,123,81,0.6585366,9,0.07317074
/home/celia/jfreechart/source/org/jfree/data/KeyToGroupMap.java,KeyToGroupMap.java,297,136,0.45791245,32,0.014309764
/home/celia/jfreechart/source/org/jfree/data/general/DatasetChangeListener.java,DatasetChangeListener.java,57,52,0.9122807,1,0.9122807
/home/celia/jfreechart/source/org/jfree/data/general/SeriesException.java,SeriesException.java,58,51,0.87931037,1,0.87931037
/home/celia/jfreechart/source/org/jfree/data/general/Dataset.java,Dataset.java,86,79,0.9186047,1,0.9186047
/home/celia/jfreechart/source/org/jfree/data/general/DefaultHeatMapDataset.java,DefaultHeatMapDataset.java,294,174,0.59183675,31,0.019091507
/home/celia/jfreechart/source/org/jfree/data/general/KeyedValueDataset.java,KeyedValueDataset.java,47,43,0.9148936,1,0.9148936
/home/celia/jfreechart/source/org/jfree/data/general/DatasetGroup.java,DatasetGroup.java,109,76,0.6972477,8,0.08715596
/home/celia/jfreechart/source/org/jfree/data/general/WaferMapDataset.java,WaferMapDataset.java,280,174,0.62142855,29,0.02142857
/home/celia/jfreechart/source/org/jfree/data/general/PieDataset.java,PieDataset.java,55,51,0.92727274,1,0.92727274
/home/celia/jfreechart/source/org/jfree/data/general/DatasetChangeEvent.java,DatasetChangeEvent.java,80,69,0.8625,2,0.43125
/home/celia/jfreechart/source/org/jfree/data/general/KeyedValuesDataset.java,KeyedValuesDataset.java,47,44,0.9361702,1,0.9361702
/home/celia/jfreechart/source/org/jfree/data/general/SeriesDataset.java,SeriesDataset.java,83,72,0.8674699,1,0.8674699
/home/celia/jfreechart/source/org/jfree/data/general/Series.java,Series.java,381,246,0.6456693,28,0.023059618
/home/celia/jfreechart/source/org/jfree/data/general/DefaultKeyedValues2DDataset.java,DefaultKeyedValues2DDataset.java,54,49,0.9074074,1,0.9074074
/home/celia/jfreechart/source/org/jfree/data/general/CombinationDataset.java,CombinationDataset.java,68,63,0.9264706,1,0.9264706
/home/celia/jfreechart/source/org/jfree/data/general/HeatMapUtilities.java,HeatMapUtilities.java,124,74,0.5967742,4,0.14919356
/home/celia/jfreechart/source/org/jfree/data/general/SeriesChangeEvent.java,SeriesChangeEvent.java,58,50,0.86206895,1,0.86206895
/home/celia/jfreechart/source/org/jfree/data/general/DefaultKeyedValuesDataset.java,DefaultKeyedValuesDataset.java,51,48,0.9411765,1,0.9411765
/home/celia/jfreechart/source/org/jfree/data/general/DefaultValueDataset.java,DefaultValueDataset.java,125,87,0.696,9,0.07733333
/home/celia/jfreechart/source/org/jfree/data/general/DefaultKeyedValueDataset.java,DefaultKeyedValueDataset.java,176,104,0.59090906,19,0.031100476
/home/celia/jfreechart/source/org/jfree/data/general/ValueDataset.java,ValueDataset.java,47,43,0.9148936,1,0.9148936
/home/celia/jfreechart/source/org/jfree/data/general/DatasetUtilities.java,DatasetUtilities.java,2263,852,0.3764914,272,0.0013841596
/home/celia/jfreechart/source/org/jfree/data/general/HeatMapDataset.java,HeatMapDataset.java,141,128,0.9078014,1,0.9078014
/home/celia/jfreechart/source/org/jfree/data/general/DefaultPieDataset.java,DefaultPieDataset.java,336,216,0.64285713,30,0.021428572
/home/celia/jfreechart/source/org/jfree/data/general/AbstractSeriesDataset.java,AbstractSeriesDataset.java,103,81,0.78640777,5,0.15728155
/home/celia/jfreechart/source/org/jfree/data/general/KeyedValues2DDataset.java,KeyedValues2DDataset.java,50,46,0.92,1,0.92
/home/celia/jfreechart/source/org/jfree/data/general/SubSeriesDataset.java,SubSeriesDataset.java,411,280,0.68126523,32,0.021289539
/home/celia/jfreechart/source/org/jfree/data/general/AbstractDataset.java,AbstractDataset.java,234,169,0.7222222,13,0.055555556
/home/celia/jfreechart/source/org/jfree/data/general/SeriesChangeListener.java,SeriesChangeListener.java,54,49,0.9074074,1,0.9074074
/home/celia/jfreechart/source/org/jfree/data/general/CombinedDataset.java,CombinedDataset.java,579,348,0.60103625,53,0.011340307
/home/celia/jfreechart/source/org/jfree/data/DomainInfo.java,DomainInfo.java,87,81,0.9310345,1,0.9310345
/home/celia/jfreechart/source/org/jfree/data/DefaultKeyedValues2D.java,DefaultKeyedValues2D.java,522,277,0.53065133,53,0.0100122895
/home/celia/jfreechart/source/org/jfree/data/xml/KeyHandler.java,KeyHandler.java,138,90,0.65217394,7,0.09316771
/home/celia/jfreechart/source/org/jfree/data/xml/CategoryDatasetHandler.java,CategoryDatasetHandler.java,123,78,0.63414633,5,0.12682927
/home/celia/jfreechart/source/org/jfree/data/xml/ValueHandler.java,ValueHandler.java,144,89,0.6180556,8,0.07725695
/home/celia/jfreechart/source/org/jfree/data/xml/DatasetReader.java,DatasetReader.java,137,78,0.5693431,1,0.5693431
/home/celia/jfreechart/source/org/jfree/data/xml/ItemHandler.java,ItemHandler.java,149,91,0.6107383,7,0.087248325
/home/celia/jfreechart/source/org/jfree/data/xml/CategorySeriesHandler.java,CategorySeriesHandler.java,134,80,0.5970149,6,0.09950248
/home/celia/jfreechart/source/org/jfree/data/xml/PieDatasetHandler.java,PieDatasetHandler.java,119,77,0.64705884,5,0.12941177
/home/celia/jfreechart/source/org/jfree/data/xml/DatasetTags.java,DatasetTags.java,57,51,0.8947368,1,0.8947368
/home/celia/jfreechart/source/org/jfree/data/xml/RootHandler.java,RootHandler.java,113,76,0.67256635,9,0.07472959
/home/celia/jfreechart/source/org/jfree/data/function/PowerFunction2D.java,PowerFunction2D.java,124,86,0.6935484,9,0.07706093
/home/celia/jfreechart/source/org/jfree/data/function/Function2D.java,Function2D.java,54,50,0.9259259,1,0.9259259
/home/celia/jfreechart/source/org/jfree/data/function/PolynomialFunction2D.java,PolynomialFunction2D.java,120,86,0.71666664,8,0.08958333
/home/celia/jfreechart/source/org/jfree/data/function/LineFunction2D.java,LineFunction2D.java,124,86,0.6935484,9,0.07706093
/home/celia/jfreechart/source/org/jfree/data/function/NormalDistributionFunction2D.java,NormalDistributionFunction2D.java,135,90,0.6666667,10,0.06666667
/home/celia/jfreechart/source/org/jfree/data/ComparableObjectItem.java,ComparableObjectItem.java,169,111,0.65680474,13,0.05052344
/home/celia/jfreechart/source/org/jfree/data/KeyedObjects2D.java,KeyedObjects2D.java,473,229,0.48414376,54,0.008965625
/home/celia/jfreechart/source/org/jfree/data/DefaultKeyedValues.java,DefaultKeyedValues.java,425,234,0.55058825,42,0.013109244
/home/celia/jfreechart/source/org/jfree/data/KeyedObjects.java,KeyedObjects.java,327,175,0.5351682,36,0.014865782
/home/celia/jfreechart/source/org/jfree/data/RangeInfo.java,RangeInfo.java,82,76,0.9268293,1,0.9268293
/home/celia/jfreechart/source/org/jfree/data/DefaultKeyedValue.java,DefaultKeyedValue.java,158,107,0.6772152,12,0.0564346
/home/celia/jfreechart/source/org/jfree/data/io/CSV.java,CSV.java,186,96,0.516129,15,0.034408603
/home/celia/jfreechart/source/org/jfree/data/KeyedValueComparator.java,KeyedValueComparator.java,159,75,0.4716981,12,0.039308175
/home/celia/jfreechart/source/org/jfree/data/resources/DataPackageResources_de.java,DataPackageResources_de.java,61,54,0.8852459,2,0.44262296
/home/celia/jfreechart/source/org/jfree/data/resources/DataPackageResources_ru.java,DataPackageResources_ru.java,58,51,0.87931037,2,0.43965518
/home/celia/jfreechart/source/org/jfree/data/resources/DataPackageResources_fr.java,DataPackageResources_fr.java,60,53,0.8833333,2,0.44166666
/home/celia/jfreechart/source/org/jfree/data/resources/DataPackageResources_pl.java,DataPackageResources_pl.java,62,55,0.88709676,2,0.44354838
/home/celia/jfreechart/source/org/jfree/data/resources/DataPackageResources_es.java,DataPackageResources_es.java,61,54,0.8852459,2,0.44262296
/home/celia/jfreechart/source/org/jfree/data/resources/DataPackageResources.java,DataPackageResources.java,61,54,0.8852459,2,0.44262296
/home/celia/jfreechart/source/org/jfree/data/contour/DefaultContourDataset.java,DefaultContourDataset.java,468,260,0.5555556,50,0.011111111
/home/celia/jfreechart/source/org/jfree/data/contour/NonGridContourDataset.java,NonGridContourDataset.java,213,107,0.5023474,17,0.029549848
/home/celia/jfreechart/source/org/jfree/data/contour/ContourDataset.java,ContourDataset.java,117,101,0.8632479,1,0.8632479
/home/celia/jfreechart/source/org/jfree/data/Values.java,Values.java,66,61,0.92424244,1,0.92424244
/home/celia/jfreechart/source/org/jfree/data/KeyedValue.java,KeyedValue.java,55,51,0.92727274,1,0.92727274
/home/celia/jfreechart/source/org/jfree/data/KeyedValues2D.java,KeyedValues2D.java,107,96,0.89719623,1,0.89719623
/home/celia/jfreechart/source/org/jfree/data/Range.java,Range.java,413,234,0.56658596,41,0.013819169
/home/celia/jfreechart/source/org/jfree/data/Value.java,Value.java,52,48,0.9230769,1,0.9230769
/home/celia/jfreechart/source/org/jfree/data/KeyedObject.java,KeyedObject.java,131,87,0.66412216,11,0.06037474
/home/celia/jfreechart/source/org/jfree/data/time/TimePeriodFormatException.java,TimePeriodFormatException.java,54,48,0.8888889,1,0.8888889
/home/celia/jfreechart/source/org/jfree/data/time/Week.java,Week.java,586,316,0.5392491,50,0.010784983
/home/celia/jfreechart/source/org/jfree/data/time/TimePeriodValuesCollection.java,TimePeriodValuesCollection.java,444,246,0.5540541,39,0.014206515
/home/celia/jfreechart/source/org/jfree/data/time/FixedMillisecond.java,FixedMillisecond.java,259,162,0.6254826,23,0.027194897
/home/celia/jfreechart/source/org/jfree/data/time/TimePeriod.java,TimePeriod.java,63,57,0.9047619,1,0.9047619
/home/celia/jfreechart/source/org/jfree/data/time/RegularTimePeriod.java,RegularTimePeriod.java,325,233,0.71692306,10,0.0716923
/home/celia/jfreechart/source/org/jfree/data/time/Hour.java,Hour.java,445,271,0.60898876,36,0.016916355
/home/celia/jfreechart/source/org/jfree/data/time/TimeSeriesDataItem.java,TimeSeriesDataItem.java,211,145,0.68720376,14,0.049085982
/home/celia/jfreechart/source/org/jfree/data/time/DateRange.java,DateRange.java,154,113,0.73376626,9,0.08152959
/home/celia/jfreechart/source/org/jfree/data/time/Day.java,Day.java,431,269,0.62412995,29,0.021521723
/home/celia/jfreechart/source/org/jfree/data/time/TimePeriodAnchor.java,TimePeriodAnchor.java,126,83,0.65873015,9,0.07319224
/home/celia/jfreechart/source/org/jfree/data/time/TimeSeries.java,TimeSeries.java,1256,654,0.52070063,123,0.0042333384
/home/celia/jfreechart/source/org/jfree/data/time/Millisecond.java,Millisecond.java,399,233,0.5839599,32,0.018248746
/home/celia/jfreechart/source/org/jfree/data/time/ohlc/OHLCSeries.java,OHLCSeries.java,114,84,0.7368421,6,0.12280702
/home/celia/jfreechart/source/org/jfree/data/time/ohlc/OHLCItem.java,OHLCItem.java,134,83,0.619403,10,0.0619403
/home/celia/jfreechart/source/org/jfree/data/time/ohlc/OHLC.java,OHLC.java,147,92,0.6258503,13,0.048142333
/home/celia/jfreechart/source/org/jfree/data/time/ohlc/OHLCSeriesCollection.java,OHLCSeriesCollection.java,442,278,0.6289593,38,0.01655156
/home/celia/jfreechart/source/org/jfree/data/time/MovingAverage.java,MovingAverage.java,306,141,0.46078432,25,0.018431373
/home/celia/jfreechart/source/org/jfree/data/time/TimePeriodValue.java,TimePeriodValue.java,173,114,0.6589595,13,0.050689194
/home/celia/jfreechart/source/org/jfree/data/time/TimePeriodValues.java,TimePeriodValues.java,515,269,0.5223301,50,0.0104466025
/home/celia/jfreechart/source/org/jfree/data/time/SimpleTimePeriod.java,SimpleTimePeriod.java,206,122,0.592233,17,0.034837235
/home/celia/jfreechart/source/org/jfree/data/time/Quarter.java,Quarter.java,437,262,0.5995423,36,0.016653953
/home/celia/jfreechart/source/org/jfree/data/time/TimeSeriesCollection.java,TimeSeriesCollection.java,707,399,0.56435645,62,0.009102523
/home/celia/jfreechart/source/org/jfree/data/time/TimeSeriesTableModel.java,TimeSeriesTableModel.java,239,122,0.51046026,25,0.020418411
/home/celia/jfreechart/source/org/jfree/data/time/TimeTableXYDataset.java,TimeTableXYDataset.java,552,352,0.6376812,45,0.014170693
/home/celia/jfreechart/source/org/jfree/data/time/Year.java,Year.java,370,245,0.6621622,25,0.026486488
/home/celia/jfreechart/source/org/jfree/data/time/DynamicTimeSeriesCollection.java,DynamicTimeSeriesCollection.java,875,497,0.568,83,0.0068433736
/home/celia/jfreechart/source/org/jfree/data/time/Second.java,Second.java,424,244,0.5754717,35,0.01644205
/home/celia/jfreechart/source/org/jfree/data/time/Month.java,Month.java,504,283,0.56150794,46,0.012206694
/home/celia/jfreechart/source/org/jfree/data/time/Minute.java,Minute.java,449,265,0.5902004,35,0.01686287
/home/celia/jfreechart/source/org/jfree/data/category/DefaultCategoryDataset.java,DefaultCategoryDataset.java,414,264,0.6376812,29,0.021989007
/home/celia/jfreechart/source/org/jfree/data/category/CategoryDataset.java,CategoryDataset.java,64,59,0.921875,1,0.921875
/home/celia/jfreechart/source/org/jfree/data/category/IntervalCategoryDataset.java,IntervalCategoryDataset.java,96,89,0.9270833,1,0.9270833
/home/celia/jfreechart/source/org/jfree/data/category/CategoryToPieDataset.java,CategoryToPieDataset.java,307,162,0.5276873,32,0.016490228
/home/celia/jfreechart/source/org/jfree/data/category/DefaultIntervalCategoryDataset.java,DefaultIntervalCategoryDataset.java,767,397,0.5176011,84,0.0061619175
/home/celia/jfreechart/source/org/jfree/data/category/SlidingCategoryDataset.java,SlidingCategoryDataset.java,323,198,0.6130031,31,0.019774294
/home/celia/jfreechart/source/org/jfree/data/category/CategoryRangeInfo.java,CategoryRangeInfo.java,62,55,0.88709676,1,0.88709676
/home/celia/jfreechart/source/org/jfree/data/Values2D.java,Values2D.java,69,63,0.9130435,1,0.9130435
/home/celia/jfreechart/source/org/jfree/data/UnknownKeyException.java,UnknownKeyException.java,53,47,0.8867925,1,0.8867925
/home/celia/jfreechart/source/org/jfree/data/statistics/HistogramBin.java,HistogramBin.java,144,95,0.6597222,12,0.05497685
/home/celia/jfreechart/source/org/jfree/data/statistics/SimpleHistogramBin.java,SimpleHistogramBin.java,244,131,0.53688526,31,0.01731888
/home/celia/jfreechart/source/org/jfree/data/statistics/DefaultBoxAndWhiskerCategoryDataset.java,DefaultBoxAndWhiskerCategoryDataset.java,849,479,0.5641932,78,0.007233246
/home/celia/jfreechart/source/org/jfree/data/statistics/HistogramDataset.java,HistogramDataset.java,471,278,0.59023356,38,0.015532462
/home/celia/jfreechart/source/org/jfree/data/statistics/MeanAndStandardDeviation.java,MeanAndStandardDeviation.java,162,108,0.6666667,14,0.04761905
/home/celia/jfreechart/source/org/jfree/data/statistics/BoxAndWhiskerItem.java,BoxAndWhiskerItem.java,263,151,0.5741445,23,0.024962803
/home/celia/jfreechart/source/org/jfree/data/statistics/DefaultBoxAndWhiskerXYDataset.java,DefaultBoxAndWhiskerXYDataset.java,516,310,0.6007752,48,0.012516149
/home/celia/jfreechart/source/org/jfree/data/statistics/DefaultStatisticalCategoryDataset.java,DefaultStatisticalCategoryDataset.java,654,325,0.4969419,62,0.008015192
/home/celia/jfreechart/source/org/jfree/data/statistics/StatisticalCategoryDataset.java,StatisticalCategoryDataset.java,88,80,0.90909094,1,0.90909094
/home/celia/jfreechart/source/org/jfree/data/statistics/SimpleHistogramDataset.java,SimpleHistogramDataset.java,437,273,0.62471396,41,0.015236925
/home/celia/jfreechart/source/org/jfree/data/statistics/HistogramType.java,HistogramType.java,127,81,0.63779527,10,0.063779525
/home/celia/jfreechart/source/org/jfree/data/statistics/BoxAndWhiskerCalculator.java,BoxAndWhiskerCalculator.java,216,100,0.46296296,16,0.028935185
/home/celia/jfreechart/source/org/jfree/data/statistics/BoxAndWhiskerXYDataset.java,BoxAndWhiskerXYDataset.java,164,148,0.902439,1,0.902439
/home/celia/jfreechart/source/org/jfree/data/statistics/BoxAndWhiskerCategoryDataset.java,BoxAndWhiskerCategoryDataset.java,217,194,0.89400923,1,0.89400923
/home/celia/jfreechart/source/org/jfree/data/statistics/MultiValueCategoryDataset.java,MultiValueCategoryDataset.java,69,62,0.89855075,1,0.89855075
/home/celia/jfreechart/source/org/jfree/data/statistics/DefaultMultiValueCategoryDataset.java,DefaultMultiValueCategoryDataset.java,368,190,0.5163044,39,0.013238573
/home/celia/jfreechart/source/org/jfree/data/statistics/Statistics.java,Statistics.java,437,200,0.4576659,42,0.010896807
/home/celia/jfreechart/source/org/jfree/data/statistics/Regression.java,Regression.java,343,116,0.33819243,37,0.009140336
/home/celia/jfreechart/source/org/jfree/chart/renderer/DefaultPolarItemRenderer.java,DefaultPolarItemRenderer.java,925,445,0.48108107,81,0.005939272
/home/celia/jfreechart/source/org/jfree/chart/renderer/xy/SamplingXYLineRenderer.java,SamplingXYLineRenderer.java,377,200,0.530504,21,0.025262095
/home/celia/jfreechart/source/org/jfree/chart/renderer/xy/XYBubbleRenderer.java,XYBubbleRenderer.java,333,148,0.44444445,25,0.017777778
/home/celia/jfreechart/source/org/jfree/chart/renderer/xy/CandlestickRenderer.java,CandlestickRenderer.java,901,470,0.5216426,71,0.0073470795
/home/celia/jfreechart/source/org/jfree/chart/renderer/xy/XYAreaRenderer.java,XYAreaRenderer.java,707,331,0.46817538,59,0.007935176
/home/celia/jfreechart/source/org/jfree/chart/renderer/xy/XYItemRendererState.java,XYItemRendererState.java,182,145,0.7967033,5,0.15934065
/home/celia/jfreechart/source/org/jfree/chart/renderer/xy/AbstractXYItemRenderer.java,AbstractXYItemRenderer.java,1786,747,0.4182531,146,0.0028647473
/home/celia/jfreechart/source/org/jfree/chart/renderer/xy/XYLine3DRenderer.java,XYLine3DRenderer.java,256,153,0.59765625,20,0.029882813
/home/celia/jfreechart/source/org/jfree/chart/renderer/xy/StackedXYBarRenderer.java,StackedXYBarRenderer.java,411,175,0.42579076,37,0.0115078585
/home/celia/jfreechart/source/org/jfree/chart/renderer/xy/XYBlockRenderer.java,XYBlockRenderer.java,414,204,0.49275362,32,0.015398551
/home/celia/jfreechart/source/org/jfree/chart/renderer/xy/YIntervalRenderer.java,YIntervalRenderer.java,292,150,0.51369864,13,0.03951528
/home/celia/jfreechart/source/org/jfree/chart/renderer/xy/StandardXYItemRenderer.java,StandardXYItemRenderer.java,1046,561,0.53632885,91,0.0058937236
/home/celia/jfreechart/source/org/jfree/chart/renderer/xy/StackedXYAreaRenderer2.java,StackedXYAreaRenderer2.java,530,195,0.36792454,40,0.009198113
/home/celia/jfreechart/source/org/jfree/chart/renderer/xy/XYSplineRenderer.java,XYSplineRenderer.java,472,229,0.4851695,38,0.0127676185
/home/celia/jfreechart/source/org/jfree/chart/renderer/xy/StackedXYAreaRenderer.java,StackedXYAreaRenderer.java,629,308,0.48966613,50,0.0097933225
/home/celia/jfreechart/source/org/jfree/chart/renderer/xy/VectorRenderer.java,VectorRenderer.java,323,123,0.38080496,29,0.013131205
/home/celia/jfreechart/source/org/jfree/chart/renderer/xy/XYDifferenceRenderer.java,XYDifferenceRenderer.java,1114,405,0.36355475,79,0.0046019587
/home/celia/jfreechart/source/org/jfree/chart/renderer/xy/CyclicXYItemRenderer.java,CyclicXYItemRenderer.java,463,213,0.4600432,49,0.009388637
/home/celia/jfreechart/source/org/jfree/chart/renderer/xy/HighLowRenderer.java,HighLowRenderer.java,491,247,0.503055,42,0.011977499
/home/celia/jfreechart/source/org/jfree/chart/renderer/xy/GradientXYBarPainter.java,GradientXYBarPainter.java,342,134,0.39181286,21,0.018657755
/home/celia/jfreechart/source/org/jfree/chart/renderer/xy/XYStepAreaRenderer.java,XYStepAreaRenderer.java,551,273,0.4954628,41,0.012084459
/home/celia/jfreechart/source/org/jfree/chart/renderer/xy/XYBoxAndWhiskerRenderer.java,XYBoxAndWhiskerRenderer.java,773,346,0.4476067,52,0.008607822
/home/celia/jfreechart/source/org/jfree/chart/renderer/xy/WindItemRenderer.java,WindItemRenderer.java,184,95,0.5163044,2,0.2581522
/home/celia/jfreechart/source/org/jfree/chart/renderer/xy/XYItemRenderer.java,XYItemRenderer.java,1583,1373,0.8673405,1,0.8673405
/home/celia/jfreechart/source/org/jfree/chart/renderer/xy/XYBarRenderer.java,XYBarRenderer.java,1201,576,0.47960034,93,0.005156993
/home/celia/jfreechart/source/org/jfree/chart/renderer/xy/XYStepRenderer.java,XYStepRenderer.java,342,183,0.5350877,20,0.026754385
/home/celia/jfreechart/source/org/jfree/chart/renderer/xy/XYAreaRenderer2.java,XYAreaRenderer2.java,445,212,0.4764045,29,0.01642774
/home/celia/jfreechart/source/org/jfree/chart/renderer/xy/ClusteredXYBarRenderer.java,ClusteredXYBarRenderer.java,351,161,0.45868945,27,0.0169885
/home/celia/jfreechart/source/org/jfree/chart/renderer/xy/DeviationRenderer.java,DeviationRenderer.java,355,187,0.5267606,25,0.021070423
/home/celia/jfreechart/source/org/jfree/chart/renderer/xy/XYDotRenderer.java,XYDotRenderer.java,370,198,0.53513515,27,0.01981982
/home/celia/jfreechart/source/org/jfree/chart/renderer/xy/XYLineAndShapeRenderer.java,XYLineAndShapeRenderer.java,1257,695,0.5529037,105,0.0052657495
/home/celia/jfreechart/source/org/jfree/chart/renderer/xy/XYErrorRenderer.java,XYErrorRenderer.java,428,222,0.5186916,33,0.015717927
/home/celia/jfreechart/source/org/jfree/chart/renderer/xy/XYBarPainter.java,XYBarPainter.java,86,75,0.872093,1,0.872093
/home/celia/jfreechart/source/org/jfree/chart/renderer/xy/StandardXYBarPainter.java,StandardXYBarPainter.java,204,102,0.5,15,0.033333335
/home/celia/jfreechart/source/org/jfree/chart/renderer/xy/DefaultXYItemRenderer.java,DefaultXYItemRenderer.java,52,48,0.9230769,1,0.9230769
/home/celia/jfreechart/source/org/jfree/chart/renderer/xy/XYShapeRenderer.java,XYShapeRenderer.java,573,307,0.5357766,49,0.010934217
/home/celia/jfreechart/source/org/jfree/chart/renderer/GrayPaintScale.java,GrayPaintScale.java,212,137,0.6462264,17,0.038013317
/home/celia/jfreechart/source/org/jfree/chart/renderer/AreaRendererEndType.java,AreaRendererEndType.java,123,80,0.6504065,8,0.08130081
/home/celia/jfreechart/source/org/jfree/chart/renderer/Outlier.java,Outlier.java,193,127,0.6580311,16,0.041126944
/home/celia/jfreechart/source/org/jfree/chart/renderer/RendererUtilities.java,RendererUtilities.java,261,108,0.41379312,27,0.015325671
/home/celia/jfreechart/source/org/jfree/chart/renderer/NotOutlierException.java,NotOutlierException.java,57,51,0.8947368,1,0.8947368
/home/celia/jfreechart/source/org/jfree/chart/renderer/PolarItemRenderer.java,PolarItemRenderer.java,201,166,0.82587063,1,0.82587063
/home/celia/jfreechart/source/org/jfree/chart/renderer/OutlierListCollection.java,OutlierListCollection.java,169,117,0.6923077,12,0.057692308
/home/celia/jfreechart/source/org/jfree/chart/renderer/RendererState.java,RendererState.java,85,63,0.7411765,5,0.14823529
/home/celia/jfreechart/source/org/jfree/chart/renderer/WaferMapRenderer.java,WaferMapRenderer.java,351,157,0.44729346,41,0.010909596
/home/celia/jfreechart/source/org/jfree/chart/renderer/LookupPaintScale.java,LookupPaintScale.java,363,193,0.53168046,36,0.014768902
/home/celia/jfreechart/source/org/jfree/chart/renderer/AbstractRenderer.java,AbstractRenderer.java,3758,2272,0.6045769,343,0.0017626148
/home/celia/jfreechart/source/org/jfree/chart/renderer/OutlierList.java,OutlierList.java,166,115,0.6927711,11,0.06297919
/home/celia/jfreechart/source/org/jfree/chart/renderer/category/DefaultCategoryItemRenderer.java,DefaultCategoryItemRenderer.java,52,47,0.90384614,1,0.90384614
/home/celia/jfreechart/source/org/jfree/chart/renderer/category/StatisticalBarRenderer.java,StatisticalBarRenderer.java,553,218,0.39421338,47,0.008387519
/home/celia/jfreechart/source/org/jfree/chart/renderer/category/StackedBarRenderer3D.java,StackedBarRenderer3D.java,802,321,0.40024936,52,0.007697103
/home/celia/jfreechart/source/org/jfree/chart/renderer/category/ScatterRenderer.java,ScatterRenderer.java,544,277,0.50919116,48,0.010608149
/home/celia/jfreechart/source/org/jfree/chart/renderer/category/MinMaxCategoryRenderer.java,MinMaxCategoryRenderer.java,511,256,0.50097847,43,0.011650662
/home/celia/jfreechart/source/org/jfree/chart/renderer/category/CategoryItemRendererState.java,CategoryItemRendererState.java,209,147,0.7033493,15,0.046889953
/home/celia/jfreechart/source/org/jfree/chart/renderer/category/AbstractCategoryItemRenderer.java,AbstractCategoryItemRenderer.java,1699,729,0.42907593,138,0.0031092458
/home/celia/jfreechart/source/org/jfree/chart/renderer/category/AreaRenderer.java,AreaRenderer.java,333,146,0.43843845,26,0.016863016
/home/celia/jfreechart/source/org/jfree/chart/renderer/category/WaterfallBarRenderer.java,WaterfallBarRenderer.java,460,196,0.42608696,36,0.011835749
/home/celia/jfreechart/source/org/jfree/chart/renderer/category/GanttRenderer.java,GanttRenderer.java,581,229,0.39414802,46,0.008568435
/home/celia/jfreechart/source/org/jfree/chart/renderer/category/BarRenderer3D.java,BarRenderer3D.java,750,276,0.368,33,0.011151515
/home/celia/jfreechart/source/org/jfree/chart/renderer/category/BarRenderer.java,BarRenderer.java,1303,629,0.48273215,93,0.005190668
/home/celia/jfreechart/source/org/jfree/chart/renderer/category/GroupedStackedBarRenderer.java,GroupedStackedBarRenderer.java,351,128,0.36467236,28,0.013024013
/home/celia/jfreechart/source/org/jfree/chart/renderer/category/StandardBarPainter.java,StandardBarPainter.java,205,103,0.502439,15,0.033495937
/home/celia/jfreechart/source/org/jfree/chart/renderer/category/StatisticalLineAndShapeRenderer.java,StatisticalLineAndShapeRenderer.java,456,186,0.40789473,39,0.010458839
/home/celia/jfreechart/source/org/jfree/chart/renderer/category/LineAndShapeRenderer.java,LineAndShapeRenderer.java,1026,586,0.5711501,90,0.0063461126
/home/celia/jfreechart/source/org/jfree/chart/renderer/category/StackedAreaRenderer.java,StackedAreaRenderer.java,508,205,0.4035433,41,0.00984252
/home/celia/jfreechart/source/org/jfree/chart/renderer/category/CategoryStepRenderer.java,CategoryStepRenderer.java,340,169,0.4970588,26,0.019117646
/home/celia/jfreechart/source/org/jfree/chart/renderer/category/LineRenderer3D.java,LineRenderer3D.java,605,217,0.3586777,33,0.010869021
/home/celia/jfreechart/source/org/jfree/chart/renderer/category/GradientBarPainter.java,GradientBarPainter.java,348,145,0.41666666,20,0.020833332
/home/celia/jfreechart/source/org/jfree/chart/renderer/category/CategoryItemRenderer.java,CategoryItemRenderer.java,1692,1504,0.8888889,1,0.8888889
/home/celia/jfreechart/source/org/jfree/chart/renderer/category/BoxAndWhiskerRenderer.java,BoxAndWhiskerRenderer.java,1013,447,0.4412636,80,0.0055157947
/home/celia/jfreechart/source/org/jfree/chart/renderer/category/StackedBarRenderer.java,StackedBarRenderer.java,404,187,0.46287128,32,0.014464728
/home/celia/jfreechart/source/org/jfree/chart/renderer/category/LevelRenderer.java,LevelRenderer.java,440,218,0.49545455,27,0.018350169
/home/celia/jfreechart/source/org/jfree/chart/renderer/category/LayeredBarRenderer.java,LayeredBarRenderer.java,430,158,0.36744186,39,0.009421586
/home/celia/jfreechart/source/org/jfree/chart/renderer/category/BarPainter.java,BarPainter.java,86,75,0.872093,1,0.872093
/home/celia/jfreechart/source/org/jfree/chart/renderer/category/IntervalBarRenderer.java,IntervalBarRenderer.java,252,133,0.5277778,14,0.037698414
/home/celia/jfreechart/source/org/jfree/chart/renderer/PaintScale.java,PaintScale.java,80,72,0.9,1,0.9
/home/celia/jfreechart/source/org/jfree/chart/ChartFrame.java,ChartFrame.java,88,65,0.7386364,4,0.1846591
/home/celia/jfreechart/source/org/jfree/chart/ChartRenderingInfo.java,ChartRenderingInfo.java,234,149,0.6367521,19,0.03351327
/home/celia/jfreechart/source/org/jfree/chart/ChartTheme.java,ChartTheme.java,57,53,0.9298246,1,0.9298246
/home/celia/jfreechart/source/org/jfree/chart/servlet/DisplayChart.java,DisplayChart.java,139,83,0.5971223,10,0.05971223
/home/celia/jfreechart/source/org/jfree/chart/servlet/ChartDeleter.java,ChartDeleter.java,110,78,0.7090909,7,0.1012987
/home/celia/jfreechart/source/org/jfree/chart/servlet/ServletUtilities.java,ServletUtilities.java,392,217,0.5535714,21,0.026360543
/home/celia/jfreechart/source/org/jfree/chart/ChartColor.java,ChartColor.java,158,100,0.6329114,2,0.3164557
/home/celia/jfreechart/source/org/jfree/chart/annotations/CategoryTextAnnotation.java,CategoryTextAnnotation.java,257,140,0.54474705,16,0.03404669
/home/celia/jfreechart/source/org/jfree/chart/annotations/XYTextAnnotation.java,XYTextAnnotation.java,618,351,0.56796116,47,0.01208428
/home/celia/jfreechart/source/org/jfree/chart/annotations/CategoryAnnotation.java,CategoryAnnotation.java,66,56,0.8484849,1,0.8484849
/home/celia/jfreechart/source/org/jfree/chart/annotations/CategoryPointerAnnotation.java,CategoryPointerAnnotation.java,486,262,0.5390946,32,0.016846707
/home/celia/jfreechart/source/org/jfree/chart/annotations/XYShapeAnnotation.java,XYShapeAnnotation.java,286,141,0.493007,17,0.029000413
/home/celia/jfreechart/source/org/jfree/chart/annotations/XYAnnotation.java,XYAnnotation.java,75,64,0.85333335,1,0.85333335
/home/celia/jfreechart/source/org/jfree/chart/annotations/XYImageAnnotation.java,XYImageAnnotation.java,293,164,0.55972695,18,0.031095942
/home/celia/jfreechart/source/org/jfree/chart/annotations/Annotation.java,Annotation.java,63,56,0.8888889,1,0.8888889
/home/celia/jfreechart/source/org/jfree/chart/annotations/XYAnnotationBoundsInfo.java,XYAnnotationBoundsInfo.java,70,63,0.9,1,0.9
/home/celia/jfreechart/source/org/jfree/chart/annotations/XYPolygonAnnotation.java,XYPolygonAnnotation.java,330,166,0.5030303,24,0.020959595
/home/celia/jfreechart/source/org/jfree/chart/annotations/TextAnnotation.java,TextAnnotation.java,331,201,0.60725075,24,0.025302114
/home/celia/jfreechart/source/org/jfree/chart/annotations/AbstractXYAnnotation.java,AbstractXYAnnotation.java,192,117,0.609375,15,0.040625
/home/celia/jfreechart/source/org/jfree/chart/annotations/AbstractAnnotation.java,AbstractAnnotation.java,201,137,0.68159205,14,0.048685145
/home/celia/jfreechart/source/org/jfree/chart/annotations/CategoryLineAnnotation.java,CategoryLineAnnotation.java,390,203,0.5205128,25,0.020820513
/home/celia/jfreechart/source/org/jfree/chart/annotations/XYDrawableAnnotation.java,XYDrawableAnnotation.java,232,118,0.5086207,13,0.039124668
/home/celia/jfreechart/source/org/jfree/chart/annotations/XYTitleAnnotation.java,XYTitleAnnotation.java,365,162,0.44383562,33,0.013449565
/home/celia/jfreechart/source/org/jfree/chart/annotations/XYLineAnnotation.java,XYLineAnnotation.java,287,136,0.4738676,17,0.027874565
/home/celia/jfreechart/source/org/jfree/chart/annotations/XYDataImageAnnotation.java,XYDataImageAnnotation.java,345,194,0.56231886,23,0.024448646
/home/celia/jfreechart/source/org/jfree/chart/annotations/XYBoxAnnotation.java,XYBoxAnnotation.java,280,137,0.4892857,18,0.02718254
/home/celia/jfreechart/source/org/jfree/chart/annotations/XYPointerAnnotation.java,XYPointerAnnotation.java,506,268,0.52964425,35,0.015132693
/home/celia/jfreechart/source/org/jfree/chart/ChartPanel.java,ChartPanel.java,3000,1351,0.45033333,254,0.0017729659
/home/celia/jfreechart/source/org/jfree/chart/LegendItemCollection.java,LegendItemCollection.java,140,96,0.6857143,11,0.062337663
/home/celia/jfreechart/source/org/jfree/chart/axis/AxisLabelLocation.java,AxisLabelLocation.java,123,78,0.63414633,11,0.05764967
/home/celia/jfreechart/source/org/jfree/chart/axis/ValueTick.java,ValueTick.java,132,92,0.6969697,7,0.0995671
/home/celia/jfreechart/source/org/jfree/chart/axis/CategoryLabelWidthType.java,CategoryLabelWidthType.java,113,75,0.6637168,8,0.0829646
/home/celia/jfreechart/source/org/jfree/chart/axis/DateTick.java,DateTick.java,124,87,0.7016129,6,0.116935484
/home/celia/jfreechart/source/org/jfree/chart/axis/SubCategoryAxis.java,SubCategoryAxis.java,419,183,0.43675417,29,0.015060488
/home/celia/jfreechart/source/org/jfree/chart/axis/TickUnitSource.java,TickUnitSource.java,72,66,0.9166667,1,0.9166667
/home/celia/jfreechart/source/org/jfree/chart/axis/AxisLocation.java,AxisLocation.java,172,99,0.5755814,12,0.047965113
/home/celia/jfreechart/source/org/jfree/chart/axis/DateTickUnitType.java,DateTickUnitType.java,155,94,0.60645163,9,0.06738351
/home/celia/jfreechart/source/org/jfree/chart/axis/CategoryLabelPositions.java,CategoryLabelPositions.java,371,194,0.5229111,11,0.04753737
/home/celia/jfreechart/source/org/jfree/chart/axis/CategoryTick.java,CategoryTick.java,137,84,0.6131387,10,0.061313868
/home/celia/jfreechart/source/org/jfree/chart/axis/MonthDateFormat.java,MonthDateFormat.java,287,144,0.5017422,17,0.029514246
/home/celia/jfreechart/source/org/jfree/chart/axis/SymbolAxis.java,SymbolAxis.java,735,307,0.4176871,57,0.0073278435
/home/celia/jfreechart/source/org/jfree/chart/axis/LogAxis.java,LogAxis.java,849,383,0.45111898,62,0.0072761127
/home/celia/jfreechart/source/org/jfree/chart/axis/CategoryAxis.java,CategoryAxis.java,1427,681,0.47722495,97,0.0049198447
/home/celia/jfreechart/source/org/jfree/chart/axis/ValueAxis.java,ValueAxis.java,1587,862,0.5431632,125,0.0043453053
/home/celia/jfreechart/source/org/jfree/chart/axis/QuarterDateFormat.java,QuarterDateFormat.java,188,114,0.60638297,10,0.060638297
/home/celia/jfreechart/source/org/jfree/chart/axis/AxisCollection.java,AxisCollection.java,127,85,0.6692913,7,0.09561305
/home/celia/jfreechart/source/org/jfree/chart/axis/Tick.java,Tick.java,164,105,0.6402439,13,0.04924953
/home/celia/jfreechart/source/org/jfree/chart/axis/PeriodAxis.java,PeriodAxis.java,1125,479,0.42577776,91,0.0046788766
/home/celia/jfreechart/source/org/jfree/chart/axis/TickUnit.java,TickUnit.java,180,120,0.6666667,14,0.04761905
/home/celia/jfreechart/source/org/jfree/chart/axis/AxisState.java,AxisState.java,173,116,0.67052025,14,0.047894303
/home/celia/jfreechart/source/org/jfree/chart/axis/Timeline.java,Timeline.java,144,133,0.9236111,1,0.9236111
/home/celia/jfreechart/source/org/jfree/chart/axis/NumberAxis.java,NumberAxis.java,1267,499,0.39384374,92,0.0042809104
/home/celia/jfreechart/source/org/jfree/chart/axis/LogarithmicAxis.java,LogarithmicAxis.java,1005,519,0.5164179,96,0.005379353
/home/celia/jfreechart/source/org/jfree/chart/axis/DateTickUnit.java,DateTickUnit.java,596,377,0.63255036,37,0.017095955
/home/celia/jfreechart/source/org/jfree/chart/axis/CyclicNumberAxis.java,CyclicNumberAxis.java,1073,421,0.3923579,81,0.0048439247
/home/celia/jfreechart/source/org/jfree/chart/axis/TickUnits.java,TickUnits.java,190,124,0.6526316,14,0.046616543
/home/celia/jfreechart/source/org/jfree/chart/axis/CompassFormat.java,CompassFormat.java,120,89,0.7416667,5,0.14833334
/home/celia/jfreechart/source/org/jfree/chart/axis/AxisSpace.java,AxisSpace.java,349,167,0.47851002,34,0.0140738245
/home/celia/jfreechart/source/org/jfree/chart/axis/ColorBar.java,ColorBar.java,414,193,0.46618357,30,0.015539452
/home/celia/jfreechart/source/org/jfree/chart/axis/PeriodAxisLabelInfo.java,PeriodAxisLabelInfo.java,343,193,0.5626822,24,0.023445092
/home/celia/jfreechart/source/org/jfree/chart/axis/DateAxis.java,DateAxis.java,1810,739,0.4082873,129,0.0031650178
/home/celia/jfreechart/source/org/jfree/chart/axis/NumberTickUnit.java,NumberTickUnit.java,149,100,0.67114097,10,0.0671141
/home/celia/jfreechart/source/org/jfree/chart/axis/MarkerAxisBand.java,MarkerAxisBand.java,247,113,0.45748988,15,0.030499326
/home/celia/jfreechart/source/org/jfree/chart/axis/NumberTick.java,NumberTick.java,92,73,0.79347825,1,0.79347825
/home/celia/jfreechart/source/org/jfree/chart/axis/NumberAxis3D.java,NumberAxis3D.java,165,103,0.6242424,7,0.08917749
/home/celia/jfreechart/source/org/jfree/chart/axis/CategoryAnchor.java,CategoryAnchor.java,117,77,0.6581197,8,0.08226496
/home/celia/jfreechart/source/org/jfree/chart/axis/TickType.java,TickType.java,109,74,0.6788991,8,0.08486239
/home/celia/jfreechart/source/org/jfree/chart/axis/ModuloAxis.java,ModuloAxis.java,400,192,0.48,32,0.015
/home/celia/jfreechart/source/org/jfree/chart/axis/SegmentedTimeline.java,SegmentedTimeline.java,1584,955,0.602904,121,0.0049826778
/home/celia/jfreechart/source/org/jfree/chart/axis/CategoryLabelPosition.java,CategoryLabelPosition.java,237,143,0.60337555,17,0.03549268
/home/celia/jfreechart/source/org/jfree/chart/axis/StandardTickUnitSource.java,StandardTickUnitSource.java,119,86,0.7226891,7,0.1032413
/home/celia/jfreechart/source/org/jfree/chart/axis/Axis.java,Axis.java,1569,810,0.5162524,132,0.003911003
/home/celia/jfreechart/source/org/jfree/chart/axis/CategoryAxis3D.java,CategoryAxis3D.java,210,110,0.52380955,12,0.043650795
/home/celia/jfreechart/source/org/jfree/chart/axis/DateTickMarkPosition.java,DateTickMarkPosition.java,117,77,0.6581197,8,0.08226496
/home/celia/jfreechart/source/org/jfree/chart/axis/ExtendedCategoryAxis.java,ExtendedCategoryAxis.java,236,135,0.5720339,17,0.033649053
/home/celia/jfreechart/source/org/jfree/chart/title/TextTitle.java,TextTitle.java,858,396,0.46153846,74,0.0062370063
/home/celia/jfreechart/source/org/jfree/chart/title/ImageTitle.java,ImageTitle.java,331,172,0.51963747,20,0.025981873
/home/celia/jfreechart/source/org/jfree/chart/title/LegendGraphic.java,LegendGraphic.java,691,378,0.5470333,63,0.008683069
/home/celia/jfreechart/source/org/jfree/chart/title/LegendItemBlockContainer.java,LegendItemBlockContainer.java,221,145,0.6561086,11,0.059646238
/home/celia/jfreechart/source/org/jfree/chart/title/PaintScaleLegend.java,PaintScaleLegend.java,673,293,0.43536404,57,0.0076379655
/home/celia/jfreechart/source/org/jfree/chart/title/DateTitle.java,DateTitle.java,167,129,0.7724551,4,0.19311377
/home/celia/jfreechart/source/org/jfree/chart/title/LegendTitle.java,LegendTitle.java,635,301,0.47401574,61,0.0077707497
/home/celia/jfreechart/source/org/jfree/chart/title/ShortTextTitle.java,ShortTextTitle.java,222,110,0.4954955,15,0.033033032
/home/celia/jfreechart/source/org/jfree/chart/title/CompositeTitle.java,CompositeTitle.java,226,140,0.61946905,16,0.038716815
/home/celia/jfreechart/source/org/jfree/chart/title/Title.java,Title.java,415,251,0.6048193,32,0.018900603
/home/celia/jfreechart/source/org/jfree/chart/demo/PieChartDemo1.java,PieChartDemo1.java,197,101,0.51269037,6,0.08544839
/home/celia/jfreechart/source/org/jfree/chart/demo/BarChartDemo1.java,BarChartDemo1.java,184,92,0.5,4,0.125
/home/celia/jfreechart/source/org/jfree/chart/demo/TimeSeriesChartDemo1.java,TimeSeriesChartDemo1.java,201,89,0.44278607,6,0.07379768
/home/celia/jfreechart/source/org/jfree/chart/urls/TimeSeriesURLGenerator.java,TimeSeriesURLGenerator.java,194,119,0.61340207,14,0.043814432
/home/celia/jfreechart/source/org/jfree/chart/urls/StandardXYURLGenerator.java,StandardXYURLGenerator.java,154,100,0.64935064,9,0.072150074
/home/celia/jfreechart/source/org/jfree/chart/urls/StandardPieURLGenerator.java,StandardPieURLGenerator.java,163,99,0.607362,10,0.060736198
/home/celia/jfreechart/source/org/jfree/chart/urls/CategoryURLGenerator.java,CategoryURLGenerator.java,73,67,0.91780823,1,0.91780823
/home/celia/jfreechart/source/org/jfree/chart/urls/PieURLGenerator.java,PieURLGenerator.java,75,70,0.93333334,1,0.93333334
/home/celia/jfreechart/source/org/jfree/chart/urls/StandardXYZURLGenerator.java,StandardXYZURLGenerator.java,59,51,0.86440676,1,0.86440676
/home/celia/jfreechart/source/org/jfree/chart/urls/StandardCategoryURLGenerator.java,StandardCategoryURLGenerator.java,187,113,0.6042781,10,0.060427807
/home/celia/jfreechart/source/org/jfree/chart/urls/CustomCategoryURLGenerator.java,CustomCategoryURLGenerator.java,182,98,0.53846157,22,0.024475526
/home/celia/jfreechart/source/org/jfree/chart/urls/CustomPieURLGenerator.java,CustomPieURLGenerator.java,203,113,0.5566502,19,0.02929738
/home/celia/jfreechart/source/org/jfree/chart/urls/XYURLGenerator.java,XYURLGenerator.java,66,61,0.92424244,1,0.92424244
/home/celia/jfreechart/source/org/jfree/chart/urls/CustomXYURLGenerator.java,CustomXYURLGenerator.java,190,105,0.55263156,22,0.025119616
/home/celia/jfreechart/source/org/jfree/chart/urls/XYZURLGenerator.java,XYZURLGenerator.java,61,56,0.91803277,1,0.91803277
/home/celia/jfreechart/source/org/jfree/chart/urls/URLUtilities.java,URLUtilities.java,86,60,0.6976744,1,0.6976744
/home/celia/jfreechart/source/org/jfree/chart/MouseWheelHandler.java,MouseWheelHandler.java,148,88,0.5945946,11,0.054054055
/home/celia/jfreechart/source/org/jfree/chart/LegendRenderingOrder.java,LegendRenderingOrder.java,110,74,0.6727273,8,0.08409091
/home/celia/jfreechart/source/org/jfree/chart/plot/PlotState.java,PlotState.java,63,52,0.82539684,2,0.41269842
/home/celia/jfreechart/source/org/jfree/chart/plot/XYPlot.java,XYPlot.java,5347,2560,0.47877315,586,8.17019E-4
/home/celia/jfreechart/source/org/jfree/chart/plot/DatasetRenderingOrder.java,DatasetRenderingOrder.java,128,88,0.6875,9,0.07638889
/home/celia/jfreechart/source/org/jfree/chart/plot/Plot.java,Plot.java,1405,787,0.56014234,125,0.0044811387
/home/celia/jfreechart/source/org/jfree/chart/plot/MeterPlot.java,MeterPlot.java,1181,565,0.47840813,101,0.004736714
/home/celia/jfreechart/source/org/jfree/chart/plot/CombinedRangeXYPlot.java,CombinedRangeXYPlot.java,664,322,0.48493975,62,0.007821609
/home/celia/jfreechart/source/org/jfree/chart/plot/RingPlot.java,RingPlot.java,520,255,0.4903846,37,0.0132536385
/home/celia/jfreechart/source/org/jfree/chart/plot/PiePlot3D.java,PiePlot3D.java,936,267,0.28525642,83,0.0034368243
/home/celia/jfreechart/source/org/jfree/chart/plot/FastScatterPlot.java,FastScatterPlot.java,1000,532,0.532,82,0.006487805
/home/celia/jfreechart/source/org/jfree/chart/plot/SeriesRenderingOrder.java,SeriesRenderingOrder.java,126,86,0.6825397,9,0.075837746
/home/celia/jfreechart/source/org/jfree/chart/plot/PiePlot.java,PiePlot.java,3444,1821,0.52874565,283,0.0018683592
/home/celia/jfreechart/source/org/jfree/chart/plot/CategoryMarker.java,CategoryMarker.java,170,111,0.65294117,12,0.054411765
/home/celia/jfreechart/source/org/jfree/chart/plot/IntervalMarker.java,IntervalMarker.java,211,132,0.6255924,15,0.04170616
/home/celia/jfreechart/source/org/jfree/chart/plot/CombinedDomainXYPlot.java,CombinedDomainXYPlot.java,683,334,0.48901904,65,0.00752337
/home/celia/jfreechart/source/org/jfree/chart/plot/Pannable.java,Pannable.java,87,75,0.86206895,1,0.86206895
/home/celia/jfreechart/source/org/jfree/chart/plot/JThermometer.java,JThermometer.java,337,194,0.5756677,33,0.017444475
/home/celia/jfreechart/source/org/jfree/chart/plot/RainbowPalette.java,RainbowPalette.java,177,95,0.53672314,2,0.26836157
/home/celia/jfreechart/source/org/jfree/chart/plot/PieLabelLinkStyle.java,PieLabelLinkStyle.java,126,83,0.65873015,9,0.07319224
/home/celia/jfreechart/source/org/jfree/chart/plot/DrawingSupplier.java,DrawingSupplier.java,97,85,0.87628865,1,0.87628865
/home/celia/jfreechart/source/org/jfree/chart/plot/ValueMarker.java,ValueMarker.java,145,104,0.7172414,9,0.07969349
/home/celia/jfreechart/source/org/jfree/chart/plot/PieLabelDistributor.java,PieLabelDistributor.java,206,104,0.5048544,26,0.019417476
/home/celia/jfreechart/source/org/jfree/chart/plot/PolarAxisLocation.java,PolarAxisLocation.java,148,88,0.5945946,8,0.074324325
/home/celia/jfreechart/source/org/jfree/chart/plot/CompassPlot.java,CompassPlot.java,796,371,0.4660804,73,0.006384663
/home/celia/jfreechart/source/org/jfree/chart/plot/WaferMapPlot.java,WaferMapPlot.java,389,167,0.4293059,31,0.013848578
/home/celia/jfreechart/source/org/jfree/chart/plot/XYCrosshairState.java,XYCrosshairState.java,52,46,0.88461536,1,0.88461536
/home/celia/jfreechart/source/org/jfree/chart/plot/CategoryCrosshairState.java,CategoryCrosshairState.java,162,99,0.6111111,11,0.055555556
/home/celia/jfreechart/source/org/jfree/chart/plot/ColorPalette.java,ColorPalette.java,419,212,0.5059666,47,0.010765247
/home/celia/jfreechart/source/org/jfree/chart/plot/CategoryPlot.java,CategoryPlot.java,4778,2388,0.4997907,500,9.995814E-4
/home/celia/jfreechart/source/org/jfree/chart/plot/CombinedDomainCategoryPlot.java,CombinedDomainCategoryPlot.java,631,283,0.44849446,63,0.00711896
/home/celia/jfreechart/source/org/jfree/chart/plot/CrosshairState.java,CrosshairState.java,457,336,0.73522973,28,0.026258204
/home/celia/jfreechart/source/org/jfree/chart/plot/DialShape.java,DialShape.java,123,82,0.6666667,9,0.074074075
/home/celia/jfreechart/source/org/jfree/chart/plot/ContourPlotUtilities.java,ContourPlotUtilities.java,71,59,0.8309859,1,0.8309859
/home/celia/jfreechart/source/org/jfree/chart/plot/DefaultDrawingSupplier.java,DefaultDrawingSupplier.java,471,215,0.4564756,44,0.0103744455
/home/celia/jfreechart/source/org/jfree/chart/plot/SpiderWebPlot.java,SpiderWebPlot.java,1458,723,0.49588478,131,0.00378538
/home/celia/jfreechart/source/org/jfree/chart/plot/ThermometerPlot.java,ThermometerPlot.java,1618,883,0.5457355,143,0.003816332
/home/celia/jfreechart/source/org/jfree/chart/plot/PieLabelRecord.java,PieLabelRecord.java,256,149,0.58203125,27,0.021556713
/home/celia/jfreechart/source/org/jfree/chart/plot/AbstractPieLabelDistributor.java,AbstractPieLabelDistributor.java,101,78,0.77227724,5,0.15445545
/home/celia/jfreechart/source/org/jfree/chart/plot/PlotOrientation.java,PlotOrientation.java,121,81,0.6694215,9,0.07438017
/home/celia/jfreechart/source/org/jfree/chart/plot/PolarPlot.java,PolarPlot.java,2034,1023,0.50294983,193,0.0026059577
/home/celia/jfreechart/source/org/jfree/chart/plot/dial/DialPointer.java,DialPointer.java,580,315,0.54310346,43,0.012630313
/home/celia/jfreechart/source/org/jfree/chart/plot/dial/DialLayerChangeEvent.java,DialLayerChangeEvent.java,68,57,0.8382353,2,0.41911766
/home/celia/jfreechart/source/org/jfree/chart/plot/dial/DialLayerChangeListener.java,DialLayerChangeListener.java,57,52,0.9122807,1,0.9122807
/home/celia/jfreechart/source/org/jfree/chart/plot/dial/StandardDialScale.java,StandardDialScale.java,936,529,0.56517094,78,0.0072457814
/home/celia/jfreechart/source/org/jfree/chart/plot/dial/DialScale.java,DialScale.java,70,65,0.9285714,1,0.9285714
/home/celia/jfreechart/source/org/jfree/chart/plot/dial/DialBackground.java,DialBackground.java,245,151,0.6163265,16,0.038520407
/home/celia/jfreechart/source/org/jfree/chart/plot/dial/DialPlot.java,DialPlot.java,759,386,0.5085639,77,0.0066047255
/home/celia/jfreechart/source/org/jfree/chart/plot/dial/StandardDialRange.java,StandardDialRange.java,396,222,0.56060606,32,0.01751894
/home/celia/jfreechart/source/org/jfree/chart/plot/dial/StandardDialFrame.java,StandardDialFrame.java,325,183,0.5630769,22,0.025594406
/home/celia/jfreechart/source/org/jfree/chart/plot/dial/AbstractDialLayer.java,AbstractDialLayer.java,194,128,0.6597938,14,0.04712813
/home/celia/jfreechart/source/org/jfree/chart/plot/dial/ArcDialFrame.java,ArcDialFrame.java,471,251,0.5329087,34,0.015673785
/home/celia/jfreechart/source/org/jfree/chart/plot/dial/DialValueIndicator.java,DialValueIndicator.java,702,387,0.55128205,57,0.0096716145
/home/celia/jfreechart/source/org/jfree/chart/plot/dial/DialLayer.java,DialLayer.java,108,94,0.8703704,1,0.8703704
/home/celia/jfreechart/source/org/jfree/chart/plot/dial/DialCap.java,DialCap.java,307,182,0.5928339,21,0.028230185
/home/celia/jfreechart/source/org/jfree/chart/plot/dial/DialFrame.java,DialFrame.java,65,58,0.8923077,1,0.8923077
/home/celia/jfreechart/source/org/jfree/chart/plot/dial/DialTextAnnotation.java,DialTextAnnotation.java,366,216,0.59016395,27,0.021857925
/home/celia/jfreechart/source/org/jfree/chart/plot/MultiplePiePlot.java,MultiplePiePlot.java,620,273,0.44032258,58,0.0075917686
/home/celia/jfreechart/source/org/jfree/chart/plot/MeterInterval.java,MeterInterval.java,203,118,0.58128077,15,0.038752053
/home/celia/jfreechart/source/org/jfree/chart/plot/ContourPlot.java,ContourPlot.java,1605,735,0.45794392,153,0.0029930975
/home/celia/jfreechart/source/org/jfree/chart/plot/PlotRenderingInfo.java,PlotRenderingInfo.java,264,160,0.6060606,23,0.026350463
/home/celia/jfreechart/source/org/jfree/chart/plot/PiePlotState.java,PiePlotState.java,243,168,0.69135803,21,0.03292181
/home/celia/jfreechart/source/org/jfree/chart/plot/PlotUtilities.java,PlotUtilities.java,71,55,0.7746479,4,0.19366197
/home/celia/jfreechart/source/org/jfree/chart/plot/Zoomable.java,Zoomable.java,166,146,0.8795181,1,0.8795181
/home/celia/jfreechart/source/org/jfree/chart/plot/GreyPalette.java,GreyPalette.java,83,57,0.686747,3,0.22891568
/home/celia/jfreechart/source/org/jfree/chart/plot/Marker.java,Marker.java,602,363,0.60299003,51,0.011823334
/home/celia/jfreechart/source/org/jfree/chart/plot/ValueAxisPlot.java,ValueAxisPlot.java,59,53,0.89830506,1,0.89830506
/home/celia/jfreechart/source/org/jfree/chart/plot/Crosshair.java,Crosshair.java,664,376,0.56626505,56,0.010111876
/home/celia/jfreechart/source/org/jfree/chart/plot/ContourValuePlot.java,ContourValuePlot.java,57,51,0.8947368,1,0.8947368
/home/celia/jfreechart/source/org/jfree/chart/plot/CombinedRangeCategoryPlot.java,CombinedRangeCategoryPlot.java,529,231,0.43667296,55,0.007939508
/home/celia/jfreechart/source/org/jfree/chart/ChartFactory.java,ChartFactory.java,2348,1178,0.50170356,87,0.0057667075
/home/celia/jfreechart/source/org/jfree/chart/block/ColorBlock.java,ColorBlock.java,172,111,0.64534885,10,0.06453489
/home/celia/jfreechart/source/org/jfree/chart/block/BlockBorder.java,BlockBorder.java,221,125,0.5656109,17,0.033271227
/home/celia/jfreechart/source/org/jfree/chart/block/LineBorder.java,LineBorder.java,215,107,0.4976744,18,0.027648577
/home/celia/jfreechart/source/org/jfree/chart/block/CenterArrangement.java,CenterArrangement.java,303,168,0.55445546,15,0.036963698
/home/celia/jfreechart/source/org/jfree/chart/block/BlockFrame.java,BlockFrame.java,66,57,0.8636364,1,0.8636364
/home/celia/jfreechart/source/org/jfree/chart/block/LabelBlock.java,LabelBlock.java,407,236,0.5798526,33,0.017571291
/home/celia/jfreechart/source/org/jfree/chart/block/BlockParams.java,BlockParams.java,124,95,0.766129,7,0.109447
/home/celia/jfreechart/source/org/jfree/chart/block/Block.java,Block.java,109,95,0.8715596,1,0.8715596
/home/celia/jfreechart/source/org/jfree/chart/block/Arrangement.java,Arrangement.java,77,67,0.8701299,1,0.8701299
/home/celia/jfreechart/source/org/jfree/chart/block/GridArrangement.java,GridArrangement.java,414,174,0.42028984,34,0.012361466
/home/celia/jfreechart/source/org/jfree/chart/block/AbstractBlock.java,AbstractBlock.java,610,361,0.59180325,53,0.011166099
/home/celia/jfreechart/source/org/jfree/chart/block/BlockContainer.java,BlockContainer.java,257,142,0.55252916,25,0.022101166
/home/celia/jfreechart/source/org/jfree/chart/block/FlowArrangement.java,FlowArrangement.java,415,187,0.4506024,28,0.016092943
/home/celia/jfreechart/source/org/jfree/chart/block/RectangleConstraint.java,RectangleConstraint.java,328,182,0.55487806,24,0.023119919
/home/celia/jfreechart/source/org/jfree/chart/block/EmptyBlock.java,EmptyBlock.java,117,88,0.75213677,5,0.15042736
/home/celia/jfreechart/source/org/jfree/chart/block/BlockResult.java,BlockResult.java,71,58,0.8169014,3,0.27230045
/home/celia/jfreechart/source/org/jfree/chart/block/EntityBlockParams.java,EntityBlockParams.java,54,50,0.9259259,1,0.9259259
/home/celia/jfreechart/source/org/jfree/chart/block/EntityBlockResult.java,EntityBlockResult.java,53,48,0.9056604,1,0.9056604
/home/celia/jfreechart/source/org/jfree/chart/block/LengthConstraintType.java,LengthConstraintType.java,124,81,0.6532258,9,0.07258064
/home/celia/jfreechart/source/org/jfree/chart/block/ColumnArrangement.java,ColumnArrangement.java,359,158,0.44011143,27,0.016300423
/home/celia/jfreechart/source/org/jfree/chart/block/BorderArrangement.java,BorderArrangement.java,501,135,0.26946107,54,0.00499002
/home/celia/jfreechart/source/org/jfree/chart/ChartUtilities.java,ChartUtilities.java,654,417,0.63761467,6,0.10626911
/home/celia/jfreechart/source/org/jfree/chart/panel/CrosshairOverlay.java,CrosshairOverlay.java,558,175,0.31362006,52,0.006031155
/home/celia/jfreechart/source/org/jfree/chart/panel/Overlay.java,Overlay.java,70,61,0.87142855,1,0.87142855
/home/celia/jfreechart/source/org/jfree/chart/panel/AbstractOverlay.java,AbstractOverlay.java,108,75,0.6944444,7,0.09920634
/home/celia/jfreechart/source/org/jfree/chart/event/RendererChangeListener.java,RendererChangeListener.java,54,49,0.9074074,1,0.9074074
/home/celia/jfreechart/source/org/jfree/chart/event/ChartChangeEvent.java,ChartChangeEvent.java,120,90,0.75,6,0.125
/home/celia/jfreechart/source/org/jfree/chart/event/MarkerChangeListener.java,MarkerChangeListener.java,58,52,0.8965517,1,0.8965517
/home/celia/jfreechart/source/org/jfree/chart/event/PlotChangeEvent.java,PlotChangeEvent.java,70,59,0.8428571,2,0.42142856
/home/celia/jfreechart/source/org/jfree/chart/event/ChartProgressListener.java,ChartProgressListener.java,53,48,0.9056604,1,0.9056604
/home/celia/jfreechart/source/org/jfree/chart/event/TitleChangeEvent.java,TitleChangeEvent.java,70,59,0.8428571,2,0.42142856
/home/celia/jfreechart/source/org/jfree/chart/event/MarkerChangeEvent.java,MarkerChangeEvent.java,73,62,0.84931505,2,0.42465752
/home/celia/jfreechart/source/org/jfree/chart/event/ChartChangeEventType.java,ChartChangeEventType.java,124,81,0.6532258,9,0.07258064
/home/celia/jfreechart/source/org/jfree/chart/event/OverlayChangeListener.java,OverlayChangeListener.java,55,49,0.8909091,1,0.8909091
/home/celia/jfreechart/source/org/jfree/chart/event/AxisChangeListener.java,AxisChangeListener.java,61,56,0.91803277,1,0.91803277
/home/celia/jfreechart/source/org/jfree/chart/event/ChartProgressEvent.java,ChartProgressEvent.java,121,90,0.74380165,6,0.12396694
/home/celia/jfreechart/source/org/jfree/chart/event/ChartChangeListener.java,ChartChangeListener.java,60,55,0.9166667,1,0.9166667
/home/celia/jfreechart/source/org/jfree/chart/event/PlotChangeListener.java,PlotChangeListener.java,57,52,0.9122807,1,0.9122807
/home/celia/jfreechart/source/org/jfree/chart/event/AnnotationChangeEvent.java,AnnotationChangeEvent.java,76,63,0.82894737,2,0.41447368
/home/celia/jfreechart/source/org/jfree/chart/event/TitleChangeListener.java,TitleChangeListener.java,57,52,0.9122807,1,0.9122807
/home/celia/jfreechart/source/org/jfree/chart/event/OverlayChangeEvent.java,OverlayChangeEvent.java,57,49,0.8596491,1,0.8596491
/home/celia/jfreechart/source/org/jfree/chart/event/AxisChangeEvent.java,AxisChangeEvent.java,66,55,0.8333333,2,0.41666666
/home/celia/jfreechart/source/org/jfree/chart/event/AnnotationChangeListener.java,AnnotationChangeListener.java,58,52,0.8965517,1,0.8965517
/home/celia/jfreechart/source/org/jfree/chart/event/RendererChangeEvent.java,RendererChangeEvent.java,99,80,0.8080808,3,0.26936027
/home/celia/jfreechart/source/org/jfree/chart/ClipPath.java,ClipPath.java,386,223,0.5777202,28,0.020632865
/home/celia/jfreechart/source/org/jfree/chart/editor/PaletteChooserPanel.java,PaletteChooserPanel.java,82,60,0.73170733,1,0.73170733
/home/celia/jfreechart/source/org/jfree/chart/editor/DefaultPolarPlotEditor.java,DefaultPolarPlotEditor.java,186,83,0.44623655,12,0.03718638
/home/celia/jfreechart/source/org/jfree/chart/editor/DefaultColorBarEditor.java,DefaultColorBarEditor.java,201,94,0.46766168,8,0.05845771
/home/celia/jfreechart/source/org/jfree/chart/editor/ChartEditorFactory.java,ChartEditorFactory.java,54,49,0.9074074,1,0.9074074
/home/celia/jfreechart/source/org/jfree/chart/editor/DefaultChartEditor.java,DefaultChartEditor.java,241,98,0.406639,11,0.036967184
/home/celia/jfreechart/source/org/jfree/chart/editor/DefaultPlotEditor.java,DefaultPlotEditor.java,603,206,0.3416252,54,0.0063263928
/home/celia/jfreechart/source/org/jfree/chart/editor/ChartEditor.java,ChartEditor.java,56,50,0.89285713,1,0.89285713
/home/celia/jfreechart/source/org/jfree/chart/editor/DefaultAxisEditor.java,DefaultAxisEditor.java,454,235,0.51762116,24,0.021567548
/home/celia/jfreechart/source/org/jfree/chart/editor/ChartEditorManager.java,ChartEditorManager.java,86,69,0.8023256,4,0.2005814
/home/celia/jfreechart/source/org/jfree/chart/editor/DefaultNumberAxisEditor.java,DefaultNumberAxisEditor.java,154,61,0.3961039,11,0.036009446
/home/celia/jfreechart/source/org/jfree/chart/editor/DefaultValueAxisEditor.java,DefaultValueAxisEditor.java,365,145,0.39726028,26,0.015279242
/home/celia/jfreechart/source/org/jfree/chart/editor/DefaultChartEditorFactory.java,DefaultChartEditorFactory.java,61,52,0.852459,2,0.4262295
/home/celia/jfreechart/source/org/jfree/chart/editor/DefaultLogAxisEditor.java,DefaultLogAxisEditor.java,147,70,0.47619048,12,0.03968254
/home/celia/jfreechart/source/org/jfree/chart/editor/PaletteSample.java,PaletteSample.java,155,90,0.58064514,7,0.0829493
/home/celia/jfreechart/source/org/jfree/chart/editor/DefaultTitleEditor.java,DefaultTitleEditor.java,264,111,0.42045453,15,0.028030302
/home/celia/jfreechart/source/org/jfree/chart/imagemap/ToolTipTagFragmentGenerator.java,ToolTipTagFragmentGenerator.java,61,57,0.93442625,1,0.93442625
/home/celia/jfreechart/source/org/jfree/chart/imagemap/StandardToolTipTagFragmentGenerator.java,StandardToolTipTagFragmentGenerator.java,64,53,0.828125,2,0.4140625
/home/celia/jfreechart/source/org/jfree/chart/imagemap/ImageMapUtilities.java,ImageMapUtilities.java,257,134,0.52140075,12,0.04345006
/home/celia/jfreechart/source/org/jfree/chart/imagemap/StandardURLTagFragmentGenerator.java,StandardURLTagFragmentGenerator.java,65,55,0.84615386,2,0.42307693
/home/celia/jfreechart/source/org/jfree/chart/imagemap/DynamicDriveToolTipTagFragmentGenerator.java,DynamicDriveToolTipTagFragmentGenerator.java,85,67,0.7882353,3,0.2627451
/home/celia/jfreechart/source/org/jfree/chart/imagemap/OverLIBToolTipTagFragmentGenerator.java,OverLIBToolTipTagFragmentGenerator.java,68,56,0.8235294,2,0.4117647
/home/celia/jfreechart/source/org/jfree/chart/imagemap/URLTagFragmentGenerator.java,URLTagFragmentGenerator.java,62,54,0.87096775,1,0.87096775
/home/celia/jfreechart/source/org/jfree/chart/StrokeMap.java,StrokeMap.java,199,117,0.5879397,15,0.039195977
/home/celia/jfreechart/source/org/jfree/chart/HashUtilities.java,HashUtilities.java,327,199,0.6085627,29,0.020984922
/home/celia/jfreechart/source/org/jfree/chart/encoders/ImageFormat.java,ImageFormat.java,52,49,0.9423077,1,0.9423077
/home/celia/jfreechart/source/org/jfree/chart/encoders/KeypointPNGEncoderAdapter.java,KeypointPNGEncoderAdapter.java,125,90,0.72,5,0.14400001
/home/celia/jfreechart/source/org/jfree/chart/encoders/SunPNGEncoderAdapter.java,SunPNGEncoderAdapter.java,117,87,0.74358976,5,0.14871795
/home/celia/jfreechart/source/org/jfree/chart/encoders/EncoderUtil.java,EncoderUtil.java,179,125,0.698324,1,0.698324
/home/celia/jfreechart/source/org/jfree/chart/encoders/SunJPEGEncoderAdapter.java,SunJPEGEncoderAdapter.java,162,110,0.67901236,7,0.09700177
/home/celia/jfreechart/source/org/jfree/chart/encoders/ImageEncoder.java,ImageEncoder.java,95,82,0.86315787,1,0.86315787
/home/celia/jfreechart/source/org/jfree/chart/encoders/ImageEncoderFactory.java,ImageEncoderFactory.java,143,95,0.66433567,4,0.16608392
/home/celia/jfreechart/source/org/jfree/chart/resources/JFreeChartResources.java,JFreeChartResources.java,58,51,0.87931037,2,0.43965518
/home/celia/jfreechart/source/org/jfree/chart/StandardChartTheme.java,StandardChartTheme.java,1688,753,0.44609004,189,0.0023602648
/home/celia/jfreechart/source/org/jfree/chart/JFreeChart.java,JFreeChart.java,1739,862,0.4956872,139,0.003566095
/home/celia/jfreechart/source/org/jfree/chart/ChartMouseEvent.java,ChartMouseEvent.java,105,80,0.7619048,3,0.25396827
/home/celia/jfreechart/source/org/jfree/chart/labels/XYZToolTipGenerator.java,XYZToolTipGenerator.java,59,54,0.91525424,1,0.91525424
/home/celia/jfreechart/source/org/jfree/chart/labels/StandardCrosshairLabelGenerator.java,StandardCrosshairLabelGenerator.java,145,87,0.6,12,0.05
/home/celia/jfreechart/source/org/jfree/chart/labels/CategorySeriesLabelGenerator.java,CategorySeriesLabelGenerator.java,62,57,0.91935486,1,0.91935486
/home/celia/jfreechart/source/org/jfree/chart/labels/AbstractXYItemLabelGenerator.java,AbstractXYItemLabelGenerator.java,335,187,0.55820894,26,0.021469574
/home/celia/jfreechart/source/org/jfree/chart/labels/XYSeriesLabelGenerator.java,XYSeriesLabelGenerator.java,63,58,0.9206349,1,0.9206349
/home/celia/jfreechart/source/org/jfree/chart/labels/IntervalXYItemLabelGenerator.java,IntervalXYItemLabelGenerator.java,245,126,0.51428574,15,0.034285717
/home/celia/jfreechart/source/org/jfree/chart/labels/StandardXYZToolTipGenerator.java,StandardXYZToolTipGenerator.java,227,129,0.56828195,14,0.040591568
/home/celia/jfreechart/source/org/jfree/chart/labels/BubbleXYItemLabelGenerator.java,BubbleXYItemLabelGenerator.java,249,139,0.5582329,16,0.034889556
/home/celia/jfreechart/source/org/jfree/chart/labels/StandardXYSeriesLabelGenerator.java,StandardXYSeriesLabelGenerator.java,155,103,0.66451615,10,0.06645162
/home/celia/jfreechart/source/org/jfree/chart/labels/StandardContourToolTipGenerator.java,StandardContourToolTipGenerator.java,122,68,0.55737704,7,0.07962529
/home/celia/jfreechart/source/org/jfree/chart/labels/PieSectionLabelGenerator.java,PieSectionLabelGenerator.java,102,91,0.89215684,1,0.89215684
/home/celia/jfreechart/source/org/jfree/chart/labels/StandardPieSectionLabelGenerator.java,StandardPieSectionLabelGenerator.java,230,159,0.6913043,13,0.053177256
/home/celia/jfreechart/source/org/jfree/chart/labels/CrosshairLabelGenerator.java,CrosshairLabelGenerator.java,56,51,0.91071427,1,0.91071427
/home/celia/jfreechart/source/org/jfree/chart/labels/StandardCategoryItemLabelGenerator.java,StandardCategoryItemLabelGenerator.java,135,96,0.7111111,5,0.14222223
/home/celia/jfreechart/source/org/jfree/chart/labels/HighLowItemLabelGenerator.java,HighLowItemLabelGenerator.java,208,111,0.53365386,20,0.026682694
/home/celia/jfreechart/source/org/jfree/chart/labels/StandardXYItemLabelGenerator.java,StandardXYItemLabelGenerator.java,194,144,0.742268,7,0.10603829
/home/celia/jfreechart/source/org/jfree/chart/labels/ItemLabelAnchor.java,ItemLabelAnchor.java,254,125,0.492126,8,0.06151575
/home/celia/jfreechart/source/org/jfree/chart/labels/BoxAndWhiskerToolTipGenerator.java,BoxAndWhiskerToolTipGenerator.java,136,87,0.6397059,5,0.12794118
/home/celia/jfreechart/source/org/jfree/chart/labels/StandardPieToolTipGenerator.java,StandardPieToolTipGenerator.java,157,122,0.77707005,6,0.12951167
/home/celia/jfreechart/source/org/jfree/chart/labels/IntervalCategoryToolTipGenerator.java,IntervalCategoryToolTipGenerator.java,140,83,0.5928571,7,0.08469387
/home/celia/jfreechart/source/org/jfree/chart/labels/PieToolTipGenerator.java,PieToolTipGenerator.java,58,53,0.9137931,1,0.9137931
/home/celia/jfreechart/source/org/jfree/chart/labels/ContourToolTipGenerator.java,ContourToolTipGenerator.java,64,57,0.890625,1,0.890625
/home/celia/jfreechart/source/org/jfree/chart/labels/BoxAndWhiskerXYToolTipGenerator.java,BoxAndWhiskerXYToolTipGenerator.java,153,99,0.64705884,6,0.10784314
/home/celia/jfreechart/source/org/jfree/chart/labels/MultipleXYSeriesLabelGenerator.java,MultipleXYSeriesLabelGenerator.java,219,111,0.5068493,19,0.026676279
/home/celia/jfreechart/source/org/jfree/chart/labels/XYItemLabelGenerator.java,XYItemLabelGenerator.java,66,61,0.92424244,1,0.92424244
/home/celia/jfreechart/source/org/jfree/chart/labels/SymbolicXYItemLabelGenerator.java,SymbolicXYItemLabelGenerator.java,162,101,0.6234568,11,0.05667789
/home/celia/jfreechart/source/org/jfree/chart/labels/ItemLabelPosition.java,ItemLabelPosition.java,165,105,0.6363636,12,0.0530303
/home/celia/jfreechart/source/org/jfree/chart/labels/StandardXYToolTipGenerator.java,StandardXYToolTipGenerator.java,174,124,0.7126437,7,0.10180624
/home/celia/jfreechart/source/org/jfree/chart/labels/AbstractPieItemLabelGenerator.java,AbstractPieItemLabelGenerator.java,219,121,0.5525114,19,0.029079547
/home/celia/jfreechart/source/org/jfree/chart/labels/XYToolTipGenerator.java,XYToolTipGenerator.java,59,54,0.91525424,1,0.91525424
/home/celia/jfreechart/source/org/jfree/chart/labels/CustomXYToolTipGenerator.java,CustomXYToolTipGenerator.java,175,103,0.5885714,18,0.03269841
/home/celia/jfreechart/source/org/jfree/chart/labels/StandardCategorySeriesLabelGenerator.java,StandardCategorySeriesLabelGenerator.java,148,97,0.6554054,10,0.06554054
/home/celia/jfreechart/source/org/jfree/chart/labels/CategoryToolTipGenerator.java,CategoryToolTipGenerator.java,66,61,0.92424244,1,0.92424244
/home/celia/jfreechart/source/org/jfree/chart/labels/StandardCategoryToolTipGenerator.java,StandardCategoryToolTipGenerator.java,118,83,0.7033898,4,0.17584746
/home/celia/jfreechart/source/org/jfree/chart/labels/IntervalCategoryItemLabelGenerator.java,IntervalCategoryItemLabelGenerator.java,125,73,0.584,4,0.146
/home/celia/jfreechart/source/org/jfree/chart/labels/CategoryItemLabelGenerator.java,CategoryItemLabelGenerator.java,100,93,0.93,1,0.93
/home/celia/jfreechart/source/org/jfree/chart/labels/AbstractCategoryItemLabelGenerator.java,AbstractCategoryItemLabelGenerator.java,295,165,0.55932206,18,0.031073447
/home/celia/jfreechart/source/org/jfree/chart/LegendItem.java,LegendItem.java,1046,652,0.62332696,72,0.008657319
/home/celia/jfreechart/source/org/jfree/chart/util/LogFormat.java,LogFormat.java,237,149,0.628692,17,0.03698188
/home/celia/jfreechart/source/org/jfree/chart/util/RelativeDateFormat.java,RelativeDateFormat.java,560,313,0.55892855,46,0.012150621
/home/celia/jfreechart/source/org/jfree/chart/util/ParamChecks.java,ParamChecks.java,65,57,0.8769231,2,0.43846154
/home/celia/jfreechart/source/org/jfree/chart/util/LineUtilities.java,LineUtilities.java,132,61,0.46212122,6,0.077020206
/home/celia/jfreechart/source/org/jfree/chart/util/AttrStringUtils.java,AttrStringUtils.java,272,97,0.35661766,14,0.02547269
/home/celia/jfreechart/source/org/jfree/chart/util/ResourceBundleWrapper.java,ResourceBundleWrapper.java,158,112,0.70886075,7,0.101265825
/home/celia/jfreechart/source/org/jfree/chart/util/ShadowGenerator.java,ShadowGenerator.java,72,65,0.9027778,1,0.9027778
/home/celia/jfreechart/source/org/jfree/chart/util/HexNumberFormat.java,HexNumberFormat.java,139,100,0.7194245,6,0.11990408
/home/celia/jfreechart/source/org/jfree/chart/util/DefaultShadowGenerator.java,DefaultShadowGenerator.java,286,137,0.47902098,27,0.017741518
/home/celia/jfreechart/source/org/jfree/chart/util/XYCoordinateType.java,XYCoordinateType.java,123,83,0.67479676,8,0.084349595
/home/celia/jfreechart/source/org/jfree/chart/util/PaintAlpha.java,PaintAlpha.java,459,291,0.63398695,29,0.021861618
/home/celia/jfreechart/source/org/jfree/chart/ChartTransferable.java,ChartTransferable.java,250,151,0.604,7,0.08628571
/home/celia/jfreechart/source/org/jfree/chart/LegendItemSource.java,LegendItemSource.java,53,49,0.9245283,1,0.9245283
/home/celia/jfreechart/source/org/jfree/chart/ChartMouseListener.java,ChartMouseListener.java,67,61,0.9104478,1,0.9104478
/home/celia/jfreechart/source/org/jfree/chart/PolarChartPanel.java,PolarChartPanel.java,237,126,0.5316456,15,0.03544304
/home/celia/jfreechart/source/org/jfree/chart/DrawableLegendItem.java,DrawableLegendItem.java,224,160,0.71428573,17,0.042016808
/home/celia/jfreechart/source/org/jfree/chart/needle/ShipNeedle.java,ShipNeedle.java,124,79,0.63709676,7,0.09101383
/home/celia/jfreechart/source/org/jfree/chart/needle/WindNeedle.java,WindNeedle.java,113,72,0.63716817,7,0.091024026
/home/celia/jfreechart/source/org/jfree/chart/needle/PointerNeedle.java,PointerNeedle.java,144,79,0.5486111,10,0.05486111
/home/celia/jfreechart/source/org/jfree/chart/needle/LongNeedle.java,LongNeedle.java,166,83,0.5,11,0.045454547
/home/celia/jfreechart/source/org/jfree/chart/needle/PlumNeedle.java,PlumNeedle.java,125,78,0.624,7,0.08914286
/home/celia/jfreechart/source/org/jfree/chart/needle/MiddlePinNeedle.java,MiddlePinNeedle.java,136,80,0.5882353,8,0.073529415
/home/celia/jfreechart/source/org/jfree/chart/needle/MeterNeedle.java,MeterNeedle.java,386,212,0.5492228,38,0.014453232
/home/celia/jfreechart/source/org/jfree/chart/needle/LineNeedle.java,LineNeedle.java,115,78,0.67826086,6,0.11304348
/home/celia/jfreechart/source/org/jfree/chart/needle/ArrowNeedle.java,ArrowNeedle.java,163,87,0.5337423,11,0.04852203
/home/celia/jfreechart/source/org/jfree/chart/needle/PinNeedle.java,PinNeedle.java,135,80,0.5925926,8,0.074074075
/home/celia/jfreechart/source/org/jfree/chart/PaintMap.java,PaintMap.java,204,122,0.5980392,15,0.039869282
/home/celia/jfreechart/source/org/jfree/chart/entity/CategoryLabelEntity.java,CategoryLabelEntity.java,119,78,0.6554622,7,0.09363746
/home/celia/jfreechart/source/org/jfree/chart/entity/AxisEntity.java,AxisEntity.java,193,119,0.6165803,14,0.04404145
/home/celia/jfreechart/source/org/jfree/chart/entity/PlotEntity.java,PlotEntity.java,193,119,0.6165803,14,0.04404145
/home/celia/jfreechart/source/org/jfree/chart/entity/EntityCollection.java,EntityCollection.java,106,93,0.8773585,1,0.8773585
/home/celia/jfreechart/source/org/jfree/chart/entity/ChartEntity.java,ChartEntity.java,402,227,0.56467664,33,0.017111413
/home/celia/jfreechart/source/org/jfree/chart/entity/CategoryItemEntity.java,CategoryItemEntity.java,351,241,0.6866097,22,0.03120953
/home/celia/jfreechart/source/org/jfree/chart/entity/XYItemEntity.java,XYItemEntity.java,165,112,0.6787879,12,0.056565657
/home/celia/jfreechart/source/org/jfree/chart/entity/TickLabelEntity.java,TickLabelEntity.java,61,52,0.852459,1,0.852459
/home/celia/jfreechart/source/org/jfree/chart/entity/PieSectionEntity.java,PieSectionEntity.java,228,150,0.65789473,17,0.03869969
/home/celia/jfreechart/source/org/jfree/chart/entity/JFreeChartEntity.java,JFreeChartEntity.java,193,119,0.6165803,14,0.04404145
/home/celia/jfreechart/source/org/jfree/chart/entity/StandardEntityCollection.java,StandardEntityCollection.java,187,119,0.6363636,16,0.039772727
/home/celia/jfreechart/source/org/jfree/chart/entity/TitleEntity.java,TitleEntity.java,193,119,0.6165803,14,0.04404145
/home/celia/jfreechart/source/org/jfree/chart/entity/ContourEntity.java,ContourEntity.java,127,90,0.70866144,9,0.07874016
/home/celia/jfreechart/source/org/jfree/chart/entity/XYAnnotationEntity.java,XYAnnotationEntity.java,105,71,0.6761905,7,0.09659864
/home/celia/jfreechart/source/org/jfree/chart/entity/LegendItemEntity.java,LegendItemEntity.java,197,140,0.7106599,15,0.04737733
/home/celia/jfreechart/source/org/jfree/chart/Effect3D.java,Effect3D.java,59,54,0.91525424,1,0.91525424
/home/celia/jfreechart/MeasureDoc.java,MeasureDoc.java,110,30,0.27272728,13,0.02097902
/home/celia/jfreechart/swt/org/jfree/experimental/swt/SWTUtils.java,SWTUtils.java,439,199,0.45330295,32,0.014165717
/home/celia/jfreechart/swt/org/jfree/experimental/swt/SWTGraphics2D.java,SWTGraphics2D.java,1413,774,0.5477707,116,0.004722161
/home/celia/jfreechart/swt/org/jfree/experimental/swt/SWTPaintCanvas.java,SWTPaintCanvas.java,125,80,0.64,9,0.07111111
/home/celia/jfreechart/swt/org/jfree/experimental/chart/swt/editor/SWTTitleEditor.java,SWTTitleEditor.java,260,105,0.40384614,12,0.033653844
/home/celia/jfreechart/swt/org/jfree/experimental/chart/swt/editor/SWTNumberAxisEditor.java,SWTNumberAxisEditor.java,227,101,0.44493392,13,0.034225687
/home/celia/jfreechart/swt/org/jfree/experimental/chart/swt/editor/SWTChartEditor.java,SWTChartEditor.java,157,71,0.4522293,6,0.07537155
/home/celia/jfreechart/swt/org/jfree/experimental/chart/swt/editor/SWTStrokeCanvas.java,SWTStrokeCanvas.java,116,65,0.5603448,7,0.08004926
/home/celia/jfreechart/swt/org/jfree/experimental/chart/swt/editor/SWTPlotEditor.java,SWTPlotEditor.java,199,87,0.43718594,15,0.029145729
/home/celia/jfreechart/swt/org/jfree/experimental/chart/swt/editor/SWTOtherEditor.java,SWTOtherEditor.java,135,63,0.46666667,4,0.11666667
/home/celia/jfreechart/swt/org/jfree/experimental/chart/swt/editor/SWTAxisEditor.java,SWTAxisEditor.java,354,144,0.40677965,19,0.021409456
/home/celia/jfreechart/swt/org/jfree/experimental/chart/swt/editor/SWTPlotAppearanceEditor.java,SWTPlotAppearanceEditor.java,258,79,0.30620155,14,0.021871539
/home/celia/jfreechart/swt/org/jfree/experimental/chart/swt/ChartPrintJob.java,ChartPrintJob.java,160,72,0.45,4,0.1125
/home/celia/jfreechart/swt/org/jfree/experimental/chart/swt/ChartComposite.java,ChartComposite.java,1727,696,0.403011,149,0.0027047717
/home/celia/jfreechart/swt/org/jfree/experimental/chart/swt/demo/SWTPieChartDemo1.java,SWTPieChartDemo1.java,116,63,0.54310346,4,0.13577586
/home/celia/jfreechart/swt/org/jfree/experimental/chart/swt/demo/SWTMultipleAxisDemo1.java,SWTMultipleAxisDemo1.java,195,71,0.36410257,5,0.072820514
/home/celia/jfreechart/swt/org/jfree/experimental/chart/swt/demo/SWTTimeSeriesDemo.java,SWTTimeSeriesDemo.java,172,68,0.39534885,6,0.065891474
/home/celia/jfreechart/swt/org/jfree/experimental/chart/swt/demo/SWTBarChartDemo1.java,SWTBarChartDemo1.java,156,79,0.50641024,5,0.101282045
/home/celia/jfreechart/tests/org/jfree/data/DomainOrderTest.java,DomainOrderTest.java,90,51,0.56666666,3,0.18888889
/home/celia/jfreechart/tests/org/jfree/data/xy/XYDataItemTest.java,XYDataItemTest.java,84,51,0.60714287,3,0.20238096
/home/celia/jfreechart/tests/org/jfree/data/xy/DefaultTableXYDatasetTest.java,DefaultTableXYDatasetTest.java,180,67,0.37222221,6,0.062037036
/home/celia/jfreechart/tests/org/jfree/data/xy/XIntervalSeriesTest.java,XIntervalSeriesTest.java,271,95,0.3505535,14,0.025039537
/home/celia/jfreechart/tests/org/jfree/data/xy/DefaultHighLowDatasetTest.java,DefaultHighLowDatasetTest.java,168,55,0.32738096,4,0.08184524
/home/celia/jfreechart/tests/org/jfree/data/xy/DefaultXYZDatasetTest.java,DefaultXYZDatasetTest.java,208,91,0.4375,8,0.0546875
/home/celia/jfreechart/tests/org/jfree/data/xy/XYSeriesTest.java,XYSeriesTest.java,682,165,0.24193548,36,0.0067204298
/home/celia/jfreechart/tests/org/jfree/data/xy/XYIntervalDataItemTest.java,XYIntervalDataItemTest.java,130,60,0.46153846,4,0.115384616
/home/celia/jfreechart/tests/org/jfree/data/xy/DefaultXYDatasetTest.java,DefaultXYDatasetTest.java,202,91,0.45049506,8,0.056311883
/home/celia/jfreechart/tests/org/jfree/data/xy/XIntervalSeriesCollectionTest.java,XIntervalSeriesCollectionTest.java,160,76,0.475,6,0.079166666
/home/celia/jfreechart/tests/org/jfree/data/xy/TableXYDatasetTest.java,TableXYDatasetTest.java,248,113,0.45564517,13,0.03504963
/home/celia/jfreechart/tests/org/jfree/data/xy/CategoryTableXYDatasetTest.java,CategoryTableXYDatasetTest.java,169,66,0.39053255,6,0.06508876
/home/celia/jfreechart/tests/org/jfree/data/xy/YIntervalSeriesCollectionTest.java,YIntervalSeriesCollectionTest.java,160,76,0.475,6,0.079166666
/home/celia/jfreechart/tests/org/jfree/data/xy/YIntervalSeriesTest.java,YIntervalSeriesTest.java,248,88,0.3548387,12,0.029569892
/home/celia/jfreechart/tests/org/jfree/data/xy/XYIntervalSeriesTest.java,XYIntervalSeriesTest.java,263,92,0.34980989,13,0.026908454
/home/celia/jfreechart/tests/org/jfree/data/xy/YIntervalTest.java,YIntervalTest.java,88,51,0.57954544,3,0.19318181
/home/celia/jfreechart/tests/org/jfree/data/xy/OHLCDataItemTest.java,OHLCDataItemTest.java,83,51,0.61445785,3,0.20481928
/home/celia/jfreechart/tests/org/jfree/data/xy/VectorDataItemTest.java,VectorDataItemTest.java,109,55,0.5045872,4,0.1261468
/home/celia/jfreechart/tests/org/jfree/data/xy/MatrixSeriesTest.java,MatrixSeriesTest.java,149,60,0.40268457,6,0.06711409
/home/celia/jfreechart/tests/org/jfree/data/xy/YIntervalDataItemTest.java,YIntervalDataItemTest.java,113,58,0.5132743,4,0.12831858
/home/celia/jfreechart/tests/org/jfree/data/xy/VectorSeriesTest.java,VectorSeriesTest.java,249,89,0.3574297,12,0.02978581
/home/celia/jfreechart/tests/org/jfree/data/xy/DefaultWindDatasetTest.java,DefaultWindDatasetTest.java,174,93,0.5344828,8,0.06681035
/home/celia/jfreechart/tests/org/jfree/data/xy/DefaultIntervalXYDatasetTest.java,DefaultIntervalXYDatasetTest.java,328,119,0.3628049,17,0.021341464
/home/celia/jfreechart/tests/org/jfree/data/xy/DefaultOHLCDatasetTest.java,DefaultOHLCDatasetTest.java,143,63,0.44055945,6,0.073426574
/home/celia/jfreechart/tests/org/jfree/data/xy/YWithXIntervalTest.java,YWithXIntervalTest.java,88,51,0.57954544,3,0.19318181
/home/celia/jfreechart/tests/org/jfree/data/xy/XYIntervalTest.java,XYIntervalTest.java,96,51,0.53125,3,0.17708333
/home/celia/jfreechart/tests/org/jfree/data/xy/XYSeriesCollectionTest.java,XYSeriesCollectionTest.java,399,120,0.30075186,16,0.018796992
/home/celia/jfreechart/tests/org/jfree/data/xy/XIntervalDataItemTest.java,XIntervalDataItemTest.java,112,58,0.51785713,4,0.12946428
/home/celia/jfreechart/tests/org/jfree/data/xy/XYCoordinateTest.java,XYCoordinateTest.java,98,55,0.56122446,4,0.14030612
/home/celia/jfreechart/tests/org/jfree/data/xy/IntervalXYDelegateTest.java,IntervalXYDelegateTest.java,109,52,0.47706422,3,0.1590214
/home/celia/jfreechart/tests/org/jfree/data/xy/XYBarDatasetTest.java,XYBarDatasetTest.java,122,56,0.45901638,4,0.114754096
/home/celia/jfreechart/tests/org/jfree/data/xy/XYIntervalSeriesCollectionTest.java,XYIntervalSeriesCollectionTest.java,167,78,0.46706587,6,0.077844314
/home/celia/jfreechart/tests/org/jfree/data/xy/VectorTest.java,VectorTest.java,98,55,0.56122446,4,0.14030612
/home/celia/jfreechart/tests/org/jfree/data/xy/MatrixSeriesCollectionTest.java,MatrixSeriesCollectionTest.java,110,56,0.5090909,4,0.12727273
/home/celia/jfreechart/tests/org/jfree/data/xy/VectorSeriesCollectionTest.java,VectorSeriesCollectionTest.java,133,60,0.45112783,5,0.09022556
/home/celia/jfreechart/tests/org/jfree/data/KeyedObjectTest.java,KeyedObjectTest.java,113,59,0.5221239,4,0.13053097
/home/celia/jfreechart/tests/org/jfree/data/DefaultKeyedValueTest.java,DefaultKeyedValueTest.java,111,66,0.5945946,4,0.14864865
/home/celia/jfreechart/tests/org/jfree/data/DataUtilitiesTest.java,DataUtilitiesTest.java,220,66,0.3,7,0.042857144
/home/celia/jfreechart/tests/org/jfree/data/RangeTest.java,RangeTest.java,299,92,0.30769232,12,0.025641026
/home/celia/jfreechart/tests/org/jfree/data/RangeTypeTest.java,RangeTypeTest.java,90,51,0.56666666,3,0.18888889
/home/celia/jfreechart/tests/org/jfree/data/KeyToGroupMapTest.java,KeyToGroupMapTest.java,216,92,0.42592594,8,0.053240743
/home/celia/jfreechart/tests/org/jfree/data/gantt/TaskSeriesCollectionTest.java,TaskSeriesCollectionTest.java,580,164,0.28275862,27,0.010472542
/home/celia/jfreechart/tests/org/jfree/data/gantt/TaskSeriesTest.java,TaskSeriesTest.java,114,56,0.49122807,4,0.12280702
/home/celia/jfreechart/tests/org/jfree/data/gantt/TaskTest.java,TaskTest.java,115,54,0.4695652,4,0.1173913
/home/celia/jfreechart/tests/org/jfree/data/gantt/SlidingGanttCategoryDatasetTest.java,SlidingGanttCategoryDatasetTest.java,134,53,0.3955224,3,0.1318408
/home/celia/jfreechart/tests/org/jfree/data/gantt/XYTaskDatasetTest.java,XYTaskDatasetTest.java,126,53,0.42063493,3,0.14021164
/home/celia/jfreechart/tests/org/jfree/data/KeyedObjectsTest.java,KeyedObjectsTest.java,318,94,0.2955975,10,0.02955975
/home/celia/jfreechart/tests/org/jfree/data/general/DefaultPieDatasetTest.java,DefaultPieDatasetTest.java,149,65,0.4362416,6,0.07270693
/home/celia/jfreechart/tests/org/jfree/data/general/IntervalDataItem.java,IntervalDataItem.java,63,43,0.6825397,4,0.17063493
/home/celia/jfreechart/tests/org/jfree/data/general/TestIntervalCategoryDataset.java,TestIntervalCategoryDataset.java,419,246,0.5871122,38,0.015450321
/home/celia/jfreechart/tests/org/jfree/data/general/DatasetGroupTest.java,DatasetGroupTest.java,57,45,0.7894737,1,0.7894737
/home/celia/jfreechart/tests/org/jfree/data/general/DefaultKeyedValues2DDatasetTest.java,DefaultKeyedValues2DDatasetTest.java,77,48,0.6233766,2,0.3116883
/home/celia/jfreechart/tests/org/jfree/data/general/DefaultKeyedValuesDatasetTest.java,DefaultKeyedValuesDatasetTest.java,76,48,0.6315789,2,0.31578946
/home/celia/jfreechart/tests/org/jfree/data/general/DefaultKeyedValueDatasetTest.java,DefaultKeyedValueDatasetTest.java,105,54,0.51428574,4,0.12857144
/home/celia/jfreechart/tests/org/jfree/data/general/DefaultHeatMapDatasetTest.java,DefaultHeatMapDatasetTest.java,174,64,0.3678161,5,0.07356322
/home/celia/jfreechart/tests/org/jfree/data/general/DatasetUtilitiesTest.java,DatasetUtilitiesTest.java,1271,300,0.23603462,61,0.00386942
/home/celia/jfreechart/tests/org/jfree/data/KeyedObjects2DTest.java,KeyedObjects2DTest.java,355,90,0.2535211,11,0.023047375
/home/celia/jfreechart/tests/org/jfree/data/ComparableObjectItemTest.java,ComparableObjectItemTest.java,128,66,0.515625,5,0.103125
/home/celia/jfreechart/tests/org/jfree/data/DefaultKeyedValuesTest.java,DefaultKeyedValuesTest.java,441,167,0.37868482,18,0.021038046
/home/celia/jfreechart/tests/org/jfree/data/function/LineFunction2DTest.java,LineFunction2DTest.java,91,55,0.6043956,4,0.1510989
/home/celia/jfreechart/tests/org/jfree/data/function/PolynomialFunction2DTest.java,PolynomialFunction2DTest.java,129,63,0.4883721,6,0.08139535
/home/celia/jfreechart/tests/org/jfree/data/function/PowerFunction2DTest.java,PowerFunction2DTest.java,92,55,0.59782606,4,0.14945652
/home/celia/jfreechart/tests/org/jfree/data/function/NormalDistributionFunction2DTest.java,NormalDistributionFunction2DTest.java,98,55,0.56122446,4,0.14030612
/home/celia/jfreechart/tests/org/jfree/data/ComparableObjectSeriesTest.java,ComparableObjectSeriesTest.java,190,84,0.44210526,8,0.055263158
/home/celia/jfreechart/tests/org/jfree/data/DefaultKeyedValues2DTest.java,DefaultKeyedValues2DTest.java,307,94,0.3061889,14,0.021870637
/home/celia/jfreechart/tests/org/jfree/data/time/DateRangeTest.java,DateRangeTest.java,101,56,0.55445546,4,0.13861386
/home/celia/jfreechart/tests/org/jfree/data/time/YearTest.java,YearTest.java,365,130,0.3561644,22,0.01618929
/home/celia/jfreechart/tests/org/jfree/data/time/TimePeriodValuesTest.java,TimePeriodValuesTest.java,328,113,0.3445122,17,0.020265423
/home/celia/jfreechart/tests/org/jfree/data/time/ohlc/OHLCSeriesCollectionTest.java,OHLCSeriesCollectionTest.java,224,92,0.4107143,9,0.04563492
/home/celia/jfreechart/tests/org/jfree/data/time/ohlc/OHLCTest.java,OHLCTest.java,105,55,0.52380955,4,0.13095239
/home/celia/jfreechart/tests/org/jfree/data/time/ohlc/OHLCSeriesTest.java,OHLCSeriesTest.java,235,87,0.37021276,12,0.030851064
/home/celia/jfreechart/tests/org/jfree/data/time/ohlc/OHLCItemTest.java,OHLCItemTest.java,132,63,0.47727272,5,0.095454544
/home/celia/jfreechart/tests/org/jfree/data/time/WeekTest.java,WeekTest.java,474,171,0.3607595,24,0.015031646
/home/celia/jfreechart/tests/org/jfree/data/time/HourTest.java,HourTest.java,346,129,0.37283236,22,0.016946925
/home/celia/jfreechart/tests/org/jfree/data/time/SecondTest.java,SecondTest.java,303,109,0.35973597,17,0.02116094
/home/celia/jfreechart/tests/org/jfree/data/time/TimeSeriesDataItemTest.java,TimeSeriesDataItemTest.java,88,53,0.60227275,3,0.20075758
/home/celia/jfreechart/tests/org/jfree/data/time/TimeSeriesTest.java,TimeSeriesTest.java,942,293,0.31104034,41,0.0075863497
/home/celia/jfreechart/tests/org/jfree/data/time/MillisecondTest.java,MillisecondTest.java,327,117,0.35779816,18,0.019877676
/home/celia/jfreechart/tests/org/jfree/data/time/MonthTest.java,MonthTest.java,383,141,0.3681462,23,0.016006356
/home/celia/jfreechart/tests/org/jfree/data/time/MovingAverageTest.java,MovingAverageTest.java,94,53,0.5638298,2,0.2819149
/home/celia/jfreechart/tests/org/jfree/data/time/TimeSeriesCollectionTest.java,TimeSeriesCollectionTest.java,360,109,0.30277777,12,0.02523148
/home/celia/jfreechart/tests/org/jfree/data/time/TimePeriodAnchorTest.java,TimePeriodAnchorTest.java,66,48,0.72727275,2,0.36363637
/home/celia/jfreechart/tests/org/jfree/data/time/SimpleTimePeriodTest.java,SimpleTimePeriodTest.java,164,67,0.40853658,7,0.05836237
/home/celia/jfreechart/tests/org/jfree/data/time/QuarterTest.java,QuarterTest.java,402,157,0.39054728,24,0.016272804
/home/celia/jfreechart/tests/org/jfree/data/time/DayTest.java,DayTest.java,363,139,0.38292012,23,0.0166487
/home/celia/jfreechart/tests/org/jfree/data/time/TimePeriodValuesCollectionTest.java,TimePeriodValuesCollectionTest.java,194,76,0.39175257,6,0.0652921
/home/celia/jfreechart/tests/org/jfree/data/time/TimePeriodValueTest.java,TimePeriodValueTest.java,76,51,0.67105263,3,0.2236842
/home/celia/jfreechart/tests/org/jfree/data/time/MinuteTest.java,MinuteTest.java,318,115,0.3616352,18,0.020090844
/home/celia/jfreechart/tests/org/jfree/data/time/FixedMillisecondTest.java,FixedMillisecondTest.java,94,58,0.61702126,4,0.15425532
/home/celia/jfreechart/tests/org/jfree/data/time/TimeTableXYDatasetTest.java,TimeTableXYDatasetTest.java,150,63,0.42,6,0.07
/home/celia/jfreechart/tests/org/jfree/data/category/CategoryToPieDatasetTest.java,CategoryToPieDatasetTest.java,201,117,0.58208954,6,0.09701493
/home/celia/jfreechart/tests/org/jfree/data/category/SlidingCategoryDatasetTest.java,SlidingCategoryDatasetTest.java,244,72,0.29508197,9,0.032786887
/home/celia/jfreechart/tests/org/jfree/data/category/DefaultCategoryDatasetTest.java,DefaultCategoryDatasetTest.java,331,101,0.30513597,14,0.021795426
/home/celia/jfreechart/tests/org/jfree/data/category/DefaultIntervalCategoryDatasetTest.java,DefaultIntervalCategoryDatasetTest.java,438,118,0.26940638,20,0.013470319
/home/celia/jfreechart/tests/org/jfree/data/statistics/DefaultBoxAndWhiskerCategoryDatasetTest.java,DefaultBoxAndWhiskerCategoryDatasetTest.java,264,77,0.29166666,9,0.032407407
/home/celia/jfreechart/tests/org/jfree/data/statistics/MeanAndStandardDeviationTest.java,MeanAndStandardDeviationTest.java,86,51,0.59302324,3,0.19767441
/home/celia/jfreechart/tests/org/jfree/data/statistics/StatisticsTest.java,StatisticsTest.java,423,102,0.24113475,12,0.020094562
/home/celia/jfreechart/tests/org/jfree/data/statistics/RegressionTest.java,RegressionTest.java,218,84,0.3853211,14,0.027522936
/home/celia/jfreechart/tests/org/jfree/data/statistics/SimpleHistogramDatasetTest.java,SimpleHistogramDatasetTest.java,115,59,0.51304346,5,0.102608696
/home/celia/jfreechart/tests/org/jfree/data/statistics/HistogramBinTest.java,HistogramBinTest.java,84,51,0.60714287,3,0.20238096
/home/celia/jfreechart/tests/org/jfree/data/statistics/DefaultMultiValueCategoryDatasetTest.java,DefaultMultiValueCategoryDatasetTest.java,223,75,0.33632287,8,0.04204036
/home/celia/jfreechart/tests/org/jfree/data/statistics/BoxAndWhiskerCalculatorTest.java,BoxAndWhiskerCalculatorTest.java,151,58,0.38410595,4,0.09602649
/home/celia/jfreechart/tests/org/jfree/data/statistics/BoxAndWhiskerItemTest.java,BoxAndWhiskerItemTest.java,78,48,0.61538464,2,0.30769232
/home/celia/jfreechart/tests/org/jfree/data/statistics/HistogramDatasetTest.java,HistogramDatasetTest.java,230,88,0.38260868,11,0.034782607
/home/celia/jfreechart/tests/org/jfree/data/statistics/SimpleHistogramBinTest.java,SimpleHistogramBinTest.java,148,58,0.3918919,5,0.07837838
/home/celia/jfreechart/tests/org/jfree/data/statistics/DefaultBoxAndWhiskerXYDatasetTest.java,DefaultBoxAndWhiskerXYDatasetTest.java,162,62,0.38271606,6,0.06378601
/home/celia/jfreechart/tests/org/jfree/data/statistics/DefaultStatisticalCategoryDatasetTest.java,DefaultStatisticalCategoryDatasetTest.java,251,87,0.34661356,11,0.031510323
/home/celia/jfreechart/tests/org/jfree/chart/PaintMapTest.java,PaintMapTest.java,162,68,0.41975307,7,0.059964724
/home/celia/jfreechart/tests/org/jfree/chart/renderer/xy/XYSplineRendererTest.java,XYSplineRendererTest.java,126,59,0.46825397,5,0.093650796
/home/celia/jfreechart/tests/org/jfree/chart/renderer/xy/XYStepAreaRendererTest.java,XYStepAreaRendererTest.java,162,73,0.45061728,6,0.07510288
/home/celia/jfreechart/tests/org/jfree/chart/renderer/xy/WindItemRendererTest.java,WindItemRendererTest.java,100,58,0.58,5,0.116
/home/celia/jfreechart/tests/org/jfree/chart/renderer/xy/XYBoxAndWhiskerRendererTest.java,XYBoxAndWhiskerRendererTest.java,168,65,0.38690478,6,0.06448413
/home/celia/jfreechart/tests/org/jfree/chart/renderer/xy/ClusteredXYBarRendererTest.java,ClusteredXYBarRendererTest.java,162,70,0.43209878,7,0.061728396
/home/celia/jfreechart/tests/org/jfree/chart/renderer/xy/XYShapeRendererTest.java,XYShapeRendererTest.java,162,60,0.37037036,5,0.074074075
/home/celia/jfreechart/tests/org/jfree/chart/renderer/xy/XYStepRendererTest.java,XYStepRendererTest.java,182,83,0.45604396,7,0.065149136
/home/celia/jfreechart/tests/org/jfree/chart/renderer/xy/XYDotRendererTest.java,XYDotRendererTest.java,161,71,0.4409938,6,0.073498964
/home/celia/jfreechart/tests/org/jfree/chart/renderer/xy/AbstractXYItemRendererTest.java,AbstractXYItemRendererTest.java,145,69,0.47586206,4,0.118965514
/home/celia/jfreechart/tests/org/jfree/chart/renderer/xy/YIntervalRendererTest.java,YIntervalRendererTest.java,230,74,0.32173914,6,0.05362319
/home/celia/jfreechart/tests/org/jfree/chart/renderer/xy/StandardXYBarPainterTest.java,StandardXYBarPainterTest.java,92,55,0.59782606,4,0.14945652
/home/celia/jfreechart/tests/org/jfree/chart/renderer/xy/DeviationRendererTest.java,DeviationRendererTest.java,107,59,0.55140185,5,0.11028037
/home/celia/jfreechart/tests/org/jfree/chart/renderer/xy/XYAreaRenderer2Test.java,XYAreaRenderer2Test.java,189,83,0.43915343,7,0.062736206
/home/celia/jfreechart/tests/org/jfree/chart/renderer/xy/XYAreaRendererTest.java,XYAreaRendererTest.java,227,85,0.37444934,7,0.053492762
/home/celia/jfreechart/tests/org/jfree/chart/renderer/xy/HighLowRendererTest.java,HighLowRendererTest.java,165,72,0.43636364,6,0.07272727
/home/celia/jfreechart/tests/org/jfree/chart/renderer/xy/RendererXYPackageUtils.java,RendererXYPackageUtils.java,94,63,0.67021275,2,0.33510637
/home/celia/jfreechart/tests/org/jfree/chart/renderer/xy/XYBlockRendererTest.java,XYBlockRendererTest.java,193,77,0.39896372,9,0.0443293
/home/celia/jfreechart/tests/org/jfree/chart/renderer/xy/StackedXYBarRendererTest.java,StackedXYBarRendererTest.java,161,66,0.4099379,7,0.058562554
/home/celia/jfreechart/tests/org/jfree/chart/renderer/xy/XYDifferenceRendererTest.java,XYDifferenceRendererTest.java,192,79,0.41145834,7,0.058779765
/home/celia/jfreechart/tests/org/jfree/chart/renderer/xy/VectorRendererTest.java,VectorRendererTest.java,109,60,0.5504587,5,0.110091746
/home/celia/jfreechart/tests/org/jfree/chart/renderer/xy/StandardXYItemRendererTest.java,StandardXYItemRendererTest.java,239,78,0.32635984,7,0.046622835
/home/celia/jfreechart/tests/org/jfree/chart/renderer/xy/XYLine3DRendererTest.java,XYLine3DRendererTest.java,121,58,0.47933885,5,0.09586777
/home/celia/jfreechart/tests/org/jfree/chart/renderer/xy/StackedXYAreaRendererTest.java,StackedXYAreaRendererTest.java,213,87,0.4084507,8,0.051056337
/home/celia/jfreechart/tests/org/jfree/chart/renderer/xy/XYErrorRendererTest.java,XYErrorRendererTest.java,175,76,0.4342857,9,0.04825397
/home/celia/jfreechart/tests/org/jfree/chart/renderer/xy/XYBarRendererTest.java,XYBarRendererTest.java,329,104,0.31610942,11,0.028737219
/home/celia/jfreechart/tests/org/jfree/chart/renderer/xy/XYBubbleRendererTest.java,XYBubbleRendererTest.java,155,71,0.45806453,6,0.07634409
/home/celia/jfreechart/tests/org/jfree/chart/renderer/xy/XYLineAndShapeRendererTest.java,XYLineAndShapeRendererTest.java,278,81,0.2913669,9,0.0323741
/home/celia/jfreechart/tests/org/jfree/chart/renderer/xy/StackedXYAreaRenderer2Test.java,StackedXYAreaRenderer2Test.java,168,69,0.4107143,7,0.05867347
/home/celia/jfreechart/tests/org/jfree/chart/renderer/xy/GradientXYBarPainterTest.java,GradientXYBarPainterTest.java,104,55,0.52884614,4,0.13221154
/home/celia/jfreechart/tests/org/jfree/chart/renderer/xy/CandlestickRendererTest.java,CandlestickRendererTest.java,208,80,0.3846154,7,0.054945055
/home/celia/jfreechart/tests/org/jfree/chart/renderer/AbstractRendererTest.java,AbstractRendererTest.java,852,215,0.2523474,24,0.010514475
/home/celia/jfreechart/tests/org/jfree/chart/renderer/OutlierTest.java,OutlierTest.java,100,54,0.54,4,0.135
/home/celia/jfreechart/tests/org/jfree/chart/renderer/GrayPaintScaleTest.java,GrayPaintScaleTest.java,126,61,0.48412699,5,0.0968254
/home/celia/jfreechart/tests/org/jfree/chart/renderer/RendererChangeDetector.java,RendererChangeDetector.java,82,65,0.79268295,4,0.19817074
/home/celia/jfreechart/tests/org/jfree/chart/renderer/RendererUtilitiesTest.java,RendererUtilitiesTest.java,455,113,0.24835165,11,0.022577422
/home/celia/jfreechart/tests/org/jfree/chart/renderer/category/BoxAndWhiskerRendererTest.java,BoxAndWhiskerRendererTest.java,513,197,0.3840156,22,0.017455254
/home/celia/jfreechart/tests/org/jfree/chart/renderer/category/StackedBarRenderer3DTest.java,StackedBarRenderer3DTest.java,396,118,0.2979798,23,0.012955643
/home/celia/jfreechart/tests/org/jfree/chart/renderer/category/LineRenderer3DTest.java,LineRenderer3DTest.java,201,68,0.33830845,19,0.017805709
/home/celia/jfreechart/tests/org/jfree/chart/renderer/category/StatisticalLineAndShapeRendererTest.java,StatisticalLineAndShapeRendererTest.java,185,79,0.42702702,8,0.053378377
/home/celia/jfreechart/tests/org/jfree/chart/renderer/category/GanttRendererTest.java,GanttRendererTest.java,124,59,0.47580644,5,0.09516129
/home/celia/jfreechart/tests/org/jfree/chart/renderer/category/StackedAreaRendererTest.java,StackedAreaRendererTest.java,131,63,0.48091602,6,0.08015267
/home/celia/jfreechart/tests/org/jfree/chart/renderer/category/CategoryStepRendererTest.java,CategoryStepRendererTest.java,125,68,0.544,5,0.10880001
/home/celia/jfreechart/tests/org/jfree/chart/renderer/category/BarRenderer3DTest.java,BarRenderer3DTest.java,121,60,0.49586776,5,0.09917355
/home/celia/jfreechart/tests/org/jfree/chart/renderer/category/AreaRendererTest.java,AreaRendererTest.java,138,72,0.5217391,6,0.08695652
/home/celia/jfreechart/tests/org/jfree/chart/renderer/category/StackedBarRendererTest.java,StackedBarRendererTest.java,131,62,0.47328246,6,0.07888041
/home/celia/jfreechart/tests/org/jfree/chart/renderer/category/LayeredBarRendererTest.java,LayeredBarRendererTest.java,126,70,0.5555556,6,0.0925926
/home/celia/jfreechart/tests/org/jfree/chart/renderer/category/GradientBarPainterTest.java,GradientBarPainterTest.java,103,55,0.5339806,4,0.13349515
/home/celia/jfreechart/tests/org/jfree/chart/renderer/category/MinMaxCategoryRendererTest.java,MinMaxCategoryRendererTest.java,146,71,0.48630136,6,0.081050225
/home/celia/jfreechart/tests/org/jfree/chart/renderer/category/StandardBarPainterTest.java,StandardBarPainterTest.java,92,55,0.59782606,4,0.14945652
/home/celia/jfreechart/tests/org/jfree/chart/renderer/category/WaterfallBarRendererTest.java,WaterfallBarRendererTest.java,138,67,0.48550725,6,0.08091787
/home/celia/jfreechart/tests/org/jfree/chart/renderer/category/ScatterRendererTest.java,ScatterRendererTest.java,194,74,0.3814433,11,0.034676664
/home/celia/jfreechart/tests/org/jfree/chart/renderer/category/DefaultCategoryItemRendererTest.java,DefaultCategoryItemRendererTest.java,103,59,0.57281554,5,0.11456311
/home/celia/jfreechart/tests/org/jfree/chart/renderer/category/IntervalBarRendererTest.java,IntervalBarRendererTest.java,159,75,0.4716981,7,0.06738544
/home/celia/jfreechart/tests/org/jfree/chart/renderer/category/BarRendererTest.java,BarRendererTest.java,274,104,0.37956205,9,0.04217356
/home/celia/jfreechart/tests/org/jfree/chart/renderer/category/StatisticalBarRendererTest.java,StatisticalBarRendererTest.java,266,125,0.4699248,11,0.042720437
/home/celia/jfreechart/tests/org/jfree/chart/renderer/category/GroupedStackedBarRendererTest.java,GroupedStackedBarRendererTest.java,160,71,0.44375,6,0.07395833
/home/celia/jfreechart/tests/org/jfree/chart/renderer/category/LineAndShapeRendererTest.java,LineAndShapeRendererTest.java,304,85,0.27960527,27,0.010355751
/home/celia/jfreechart/tests/org/jfree/chart/renderer/category/AbstractCategoryItemRendererTest.java,AbstractCategoryItemRendererTest.java,288,87,0.30208334,5,0.06041667
/home/celia/jfreechart/tests/org/jfree/chart/renderer/category/LevelRendererTest.java,LevelRendererTest.java,181,90,0.49723756,8,0.062154695
/home/celia/jfreechart/tests/org/jfree/chart/renderer/DefaultPolarItemRendererTest.java,DefaultPolarItemRendererTest.java,101,55,0.5445545,4,0.13613862
/home/celia/jfreechart/tests/org/jfree/chart/renderer/LookupPaintScaleTest.java,LookupPaintScaleTest.java,174,65,0.37356323,6,0.06226054
/home/celia/jfreechart/tests/org/jfree/chart/renderer/AreaRendererEndTypeTest.java,AreaRendererEndTypeTest.java,70,48,0.6857143,2,0.34285715
/home/celia/jfreechart/tests/org/jfree/chart/PieChart3DTest.java,PieChart3DTest.java,128,75,0.5859375,5,0.1171875
/home/celia/jfreechart/tests/org/jfree/chart/ChartPanelTest.java,ChartPanelTest.java,318,117,0.36792454,17,0.02164262
/home/celia/jfreechart/tests/org/jfree/chart/StackedBarChart3DTest.java,StackedBarChart3DTest.java,182,81,0.44505495,7,0.063579276
/home/celia/jfreechart/tests/org/jfree/chart/TimeSeriesChartTest.java,TimeSeriesChartTest.java,164,80,0.4878049,6,0.08130082
/home/celia/jfreechart/tests/org/jfree/chart/JFreeChartTest.java,JFreeChartTest.java,425,120,0.28235295,14,0.020168068
/home/celia/jfreechart/tests/org/jfree/chart/annotations/XYDrawableAnnotationTest.java,XYDrawableAnnotationTest.java,184,81,0.4402174,11,0.040019765
/home/celia/jfreechart/tests/org/jfree/chart/annotations/CategoryPointerAnnotationTest.java,CategoryPointerAnnotationTest.java,165,66,0.4,5,0.08
/home/celia/jfreechart/tests/org/jfree/chart/annotations/CategoryLineAnnotationTest.java,CategoryLineAnnotationTest.java,144,64,0.44444445,5,0.08888889
/home/celia/jfreechart/tests/org/jfree/chart/annotations/XYPointerAnnotationTest.java,XYPointerAnnotationTest.java,167,69,0.41317365,5,0.08263473
/home/celia/jfreechart/tests/org/jfree/chart/annotations/XYBoxAnnotationTest.java,XYBoxAnnotationTest.java,184,75,0.4076087,6,0.06793478
/home/celia/jfreechart/tests/org/jfree/chart/annotations/CategoryTextAnnotationTest.java,CategoryTextAnnotationTest.java,125,62,0.496,5,0.099199995
/home/celia/jfreechart/tests/org/jfree/chart/annotations/TextAnnotationTest.java,TextAnnotationTest.java,164,69,0.4207317,5,0.084146336
/home/celia/jfreechart/tests/org/jfree/chart/annotations/XYImageAnnotationTest.java,XYImageAnnotationTest.java,128,81,0.6328125,4,0.15820312
/home/celia/jfreechart/tests/org/jfree/chart/annotations/XYPolygonAnnotationTest.java,XYPolygonAnnotationTest.java,151,58,0.38410595,5,0.07682119
/home/celia/jfreechart/tests/org/jfree/chart/annotations/XYTextAnnotationTest.java,XYTextAnnotationTest.java,171,69,0.40350878,5,0.08070175
/home/celia/jfreechart/tests/org/jfree/chart/annotations/XYTitleAnnotationTest.java,XYTitleAnnotationTest.java,150,67,0.44666666,5,0.08933333
/home/celia/jfreechart/tests/org/jfree/chart/annotations/XYShapeAnnotationTest.java,XYShapeAnnotationTest.java,165,63,0.38181818,5,0.07636364
/home/celia/jfreechart/tests/org/jfree/chart/annotations/XYLineAnnotationTest.java,XYLineAnnotationTest.java,148,59,0.39864865,5,0.07972973
/home/celia/jfreechart/tests/org/jfree/chart/XYStepChartTest.java,XYStepChartTest.java,168,82,0.48809522,6,0.0813492
/home/celia/jfreechart/tests/org/jfree/chart/axis/QuarterDateFormatTest.java,QuarterDateFormatTest.java,119,55,0.46218488,4,0.11554622
/home/celia/jfreechart/tests/org/jfree/chart/axis/DateTickTest.java,DateTickTest.java,129,54,0.41860464,4,0.10465116
/home/celia/jfreechart/tests/org/jfree/chart/axis/CategoryTickTest.java,CategoryTickTest.java,134,55,0.41044775,4,0.10261194
/home/celia/jfreechart/tests/org/jfree/chart/axis/AxisTest.java,AxisTest.java,244,79,0.3237705,4,0.08094262
/home/celia/jfreechart/tests/org/jfree/chart/axis/CategoryAnchorTest.java,CategoryAnchorTest.java,84,52,0.61904764,3,0.20634921
/home/celia/jfreechart/tests/org/jfree/chart/axis/SymbolAxisTest.java,SymbolAxisTest.java,103,52,0.5048544,3,0.16828479
/home/celia/jfreechart/tests/org/jfree/chart/axis/AxisLocationTest.java,AxisLocationTest.java,84,52,0.61904764,3,0.20634921
/home/celia/jfreechart/tests/org/jfree/chart/axis/AxisSpaceTest.java,AxisSpaceTest.java,98,52,0.53061223,3,0.17687075
/home/celia/jfreechart/tests/org/jfree/chart/axis/TickUnitsTest.java,TickUnitsTest.java,79,51,0.6455696,3,0.21518987
/home/celia/jfreechart/tests/org/jfree/chart/axis/ColorBarTest.java,ColorBarTest.java,100,55,0.55,4,0.1375
/home/celia/jfreechart/tests/org/jfree/chart/axis/LogarithmicAxisTest.java,LogarithmicAxisTest.java,215,88,0.40930232,11,0.037209302
/home/celia/jfreechart/tests/org/jfree/chart/axis/ModuloAxisTest.java,ModuloAxisTest.java,96,54,0.5625,4,0.140625
/home/celia/jfreechart/tests/org/jfree/chart/axis/CyclicNumberAxisTest.java,CyclicNumberAxisTest.java,131,63,0.48091602,4,0.120229006
/home/celia/jfreechart/tests/org/jfree/chart/axis/SegmentedTimelineAdditionalTest.java,SegmentedTimelineAdditionalTest.java,401,108,0.2693267,11,0.024484245
/home/celia/jfreechart/tests/org/jfree/chart/axis/ValueAxisTest.java,ValueAxisTest.java,221,80,0.36199096,4,0.09049774
/home/celia/jfreechart/tests/org/jfree/chart/axis/DateAxisTest.java,DateAxisTest.java,994,202,0.20321931,26,0.0078161275
/home/celia/jfreechart/tests/org/jfree/chart/axis/SegmentedTimelineTest.java,SegmentedTimelineTest.java,980,419,0.42755103,64,0.006680485
/home/celia/jfreechart/tests/org/jfree/chart/axis/CategoryAxisTest.java,CategoryAxisTest.java,185,76,0.4108108,5,0.08216216
/home/celia/jfreechart/tests/org/jfree/chart/axis/DateTickMarkPositionTest.java,DateTickMarkPositionTest.java,86,51,0.59302324,3,0.19767441
/home/celia/jfreechart/tests/org/jfree/chart/axis/SubCategoryAxisTest.java,SubCategoryAxisTest.java,142,62,0.43661973,5,0.08732395
/home/celia/jfreechart/tests/org/jfree/chart/axis/PeriodAxisLabelInfoTest.java,PeriodAxisLabelInfoTest.java,176,58,0.32954547,5,0.065909095
/home/celia/jfreechart/tests/org/jfree/chart/axis/DateTickUnitTest.java,DateTickUnitTest.java,80,52,0.65,3,0.21666665
/home/celia/jfreechart/tests/org/jfree/chart/axis/CategoryAxis3DTest.java,CategoryAxis3DTest.java,69,48,0.6956522,2,0.3478261
/home/celia/jfreechart/tests/org/jfree/chart/axis/MarkerAxisBandTest.java,MarkerAxisBandTest.java,105,52,0.4952381,3,0.16507937
/home/celia/jfreechart/tests/org/jfree/chart/axis/PeriodAxisTest.java,PeriodAxisTest.java,263,83,0.31558937,8,0.03944867
/home/celia/jfreechart/tests/org/jfree/chart/axis/CategoryLabelWidthTypeTest.java,CategoryLabelWidthTypeTest.java,81,51,0.6296296,3,0.20987654
/home/celia/jfreechart/tests/org/jfree/chart/axis/ExtendedCategoryAxisTest.java,ExtendedCategoryAxisTest.java,144,62,0.43055555,5,0.08611111
/home/celia/jfreechart/tests/org/jfree/chart/axis/NumberAxisTest.java,NumberAxisTest.java,365,146,0.4,12,0.033333335
/home/celia/jfreechart/tests/org/jfree/chart/axis/CategoryLabelPositionTest.java,CategoryLabelPositionTest.java,139,52,0.37410071,3,0.12470024
/home/celia/jfreechart/tests/org/jfree/chart/axis/MonthDateFormatTest.java,MonthDateFormatTest.java,135,59,0.43703705,4,0.10925926
/home/celia/jfreechart/tests/org/jfree/chart/axis/CategoryLabelPositionsTest.java,CategoryLabelPositionsTest.java,167,52,0.31137726,3,0.10379242
/home/celia/jfreechart/tests/org/jfree/chart/axis/NumberAxis3DTest.java,NumberAxis3DTest.java,57,45,0.7894737,1,0.7894737
/home/celia/jfreechart/tests/org/jfree/chart/axis/NumberTickUnitTest.java,NumberTickUnitTest.java,97,54,0.556701,4,0.13917525
/home/celia/jfreechart/tests/org/jfree/chart/axis/StandardTickUnitSourceTest.java,StandardTickUnitSourceTest.java,67,48,0.7164179,2,0.35820895
/home/celia/jfreechart/tests/org/jfree/chart/axis/LogAxisTest.java,LogAxisTest.java,260,85,0.32692307,12,0.02724359
/home/celia/jfreechart/tests/org/jfree/chart/title/CompositeTitleTest.java,CompositeTitleTest.java,148,62,0.4189189,5,0.08378378
/home/celia/jfreechart/tests/org/jfree/chart/title/ShortTextTitleTest.java,ShortTextTitleTest.java,95,54,0.56842107,4,0.14210527
/home/celia/jfreechart/tests/org/jfree/chart/title/PaintScaleLegendTest.java,PaintScaleLegendTest.java,160,65,0.40625,4,0.1015625
/home/celia/jfreechart/tests/org/jfree/chart/title/LegendGraphicTest.java,LegendGraphicTest.java,201,73,0.3631841,5,0.07263682
/home/celia/jfreechart/tests/org/jfree/chart/title/DateTitleTest.java,DateTitleTest.java,110,54,0.4909091,4,0.122727275
/home/celia/jfreechart/tests/org/jfree/chart/title/TextTitleTest.java,TextTitleTest.java,145,63,0.43448275,4,0.10862069
/home/celia/jfreechart/tests/org/jfree/chart/title/LegendTitleTest.java,LegendTitleTest.java,142,56,0.3943662,4,0.09859155
/home/celia/jfreechart/tests/org/jfree/chart/title/ImageTitleTest.java,ImageTitleTest.java,129,64,0.49612403,6,0.08268734
/home/celia/jfreechart/tests/org/jfree/chart/title/TitleTest.java,TitleTest.java,91,50,0.5494506,2,0.2747253
/home/celia/jfreechart/tests/org/jfree/chart/BarChartTest.java,BarChartTest.java,188,85,0.45212767,7,0.064589664
/home/celia/jfreechart/tests/org/jfree/chart/LegendItemTest.java,LegendItemTest.java,325,66,0.20307693,4,0.050769232
/home/celia/jfreechart/tests/org/jfree/chart/urls/CustomCategoryURLGeneratorTest.java,CustomCategoryURLGeneratorTest.java,147,62,0.4217687,5,0.08435374
/home/celia/jfreechart/tests/org/jfree/chart/urls/StandardPieURLGeneratorTest.java,StandardPieURLGeneratorTest.java,121,59,0.4876033,4,0.12190083
/home/celia/jfreechart/tests/org/jfree/chart/urls/CustomXYURLGeneratorTest.java,CustomXYURLGeneratorTest.java,150,65,0.43333334,5,0.086666666
/home/celia/jfreechart/tests/org/jfree/chart/urls/StandardCategoryURLGeneratorTest.java,StandardCategoryURLGeneratorTest.java,114,57,0.5,4,0.125
/home/celia/jfreechart/tests/org/jfree/chart/urls/StandardXYURLGeneratorTest.java,StandardXYURLGeneratorTest.java,70,50,0.71428573,2,0.35714287
/home/celia/jfreechart/tests/org/jfree/chart/urls/TimeSeriesURLGeneratorTest.java,TimeSeriesURLGeneratorTest.java,124,56,0.4516129,4,0.11290322
/home/celia/jfreechart/tests/org/jfree/chart/urls/CustomPieURLGeneratorTest.java,CustomPieURLGeneratorTest.java,109,59,0.5412844,4,0.1353211
/home/celia/jfreechart/tests/org/jfree/chart/XYBarChartTest.java,XYBarChartTest.java,160,75,0.46875,6,0.078125
/home/celia/jfreechart/tests/org/jfree/chart/plot/FastScatterPlotTest.java,FastScatterPlotTest.java,207,72,0.3478261,7,0.049689442
/home/celia/jfreechart/tests/org/jfree/chart/plot/IntervalMarkerTest.java,IntervalMarkerTest.java,136,63,0.4632353,6,0.07720588
/home/celia/jfreechart/tests/org/jfree/chart/plot/PlotTest.java,PlotTest.java,157,62,0.39490446,1,0.39490446
/home/celia/jfreechart/tests/org/jfree/chart/plot/ValueMarkerTest.java,ValueMarkerTest.java,211,70,0.33175355,7,0.047393363
/home/celia/jfreechart/tests/org/jfree/chart/plot/CombinedRangeCategoryPlotTest.java,CombinedRangeCategoryPlotTest.java,245,86,0.3510204,9,0.039002266
/home/celia/jfreechart/tests/org/jfree/chart/plot/CategoryMarkerTest.java,CategoryMarkerTest.java,179,69,0.38547486,6,0.06424581
/home/celia/jfreechart/tests/org/jfree/chart/plot/CompassPlotTest.java,CompassPlotTest.java,126,58,0.46031746,3,0.15343915
/home/celia/jfreechart/tests/org/jfree/chart/plot/CombinedRangeXYPlotTest.java,CombinedRangeXYPlotTest.java,244,88,0.36065573,9,0.04007286
/home/celia/jfreechart/tests/org/jfree/chart/plot/RingPlotTest.java,RingPlotTest.java,124,58,0.46774194,3,0.15591398
/home/celia/jfreechart/tests/org/jfree/chart/plot/ColorPaletteTest.java,ColorPaletteTest.java,67,48,0.7164179,2,0.35820895
/home/celia/jfreechart/tests/org/jfree/chart/plot/MyPlotChangeListener.java,MyPlotChangeListener.java,78,60,0.7692308,4,0.1923077
/home/celia/jfreechart/tests/org/jfree/chart/plot/PiePlotTest.java,PiePlotTest.java,557,137,0.2459605,12,0.02049671
/home/celia/jfreechart/tests/org/jfree/chart/plot/dial/StandardDialFrameTest.java,StandardDialFrameTest.java,129,61,0.4728682,4,0.11821705
/home/celia/jfreechart/tests/org/jfree/chart/plot/dial/AbstractDialLayerTest.java,AbstractDialLayerTest.java,96,56,0.5833333,3,0.19444443
/home/celia/jfreechart/tests/org/jfree/chart/plot/dial/DialBackgroundTest.java,DialBackgroundTest.java,139,62,0.44604316,4,0.11151079
/home/celia/jfreechart/tests/org/jfree/chart/plot/dial/DialPlotTest.java,DialPlotTest.java,254,81,0.31889763,10,0.031889763
/home/celia/jfreechart/tests/org/jfree/chart/plot/dial/DialCapTest.java,DialCapTest.java,149,64,0.4295302,4,0.10738255
/home/celia/jfreechart/tests/org/jfree/chart/plot/dial/StandardDialRangeTest.java,StandardDialRangeTest.java,120,59,0.49166667,4,0.12291667
/home/celia/jfreechart/tests/org/jfree/chart/plot/dial/MyDialLayerChangeListener.java,MyDialLayerChangeListener.java,57,50,0.877193,2,0.4385965
/home/celia/jfreechart/tests/org/jfree/chart/plot/dial/DialValueIndicatorTest.java,DialValueIndicatorTest.java,182,71,0.3901099,4,0.097527474
/home/celia/jfreechart/tests/org/jfree/chart/plot/dial/ArcDialFrameTest.java,ArcDialFrameTest.java,144,64,0.44444445,4,0.11111111
/home/celia/jfreechart/tests/org/jfree/chart/plot/dial/DialPointerTest.java,DialPointerTest.java,154,68,0.44155845,7,0.06307978
/home/celia/jfreechart/tests/org/jfree/chart/plot/dial/StandardDialScaleTest.java,StandardDialScaleTest.java,238,82,0.34453782,6,0.05742297
/home/celia/jfreechart/tests/org/jfree/chart/plot/dial/DialTextAnnotationTest.java,DialTextAnnotationTest.java,138,64,0.46376812,4,0.11594203
/home/celia/jfreechart/tests/org/jfree/chart/plot/XYPlotTest.java,XYPlotTest.java,1004,238,0.2370518,30,0.007901726
/home/celia/jfreechart/tests/org/jfree/chart/plot/MultiplePiePlotTest.java,MultiplePiePlotTest.java,183,73,0.3989071,6,0.06648452
/home/celia/jfreechart/tests/org/jfree/chart/plot/SpiderWebPlotTest.java,SpiderWebPlotTest.java,319,91,0.28526646,5,0.05705329
/home/celia/jfreechart/tests/org/jfree/chart/plot/ContourPlotTest.java,ContourPlotTest.java,57,45,0.7894737,1,0.7894737
/home/celia/jfreechart/tests/org/jfree/chart/plot/CrosshairTest.java,CrosshairTest.java,170,57,0.33529413,5,0.067058824
/home/celia/jfreechart/tests/org/jfree/chart/plot/CategoryPlotTest.java,CategoryPlotTest.java,884,192,0.21719457,23,0.009443242
/home/celia/jfreechart/tests/org/jfree/chart/plot/PlotRenderingInfoTest.java,PlotRenderingInfoTest.java,109,52,0.47706422,3,0.1590214
/home/celia/jfreechart/tests/org/jfree/chart/plot/CombinedDomainCategoryPlotTest.java,CombinedDomainCategoryPlotTest.java,251,87,0.34661356,9,0.038512617
/home/celia/jfreechart/tests/org/jfree/chart/plot/ThermometerPlotTest.java,ThermometerPlotTest.java,196,73,0.37244898,5,0.074489795
/home/celia/jfreechart/tests/org/jfree/chart/plot/DefaultDrawingSupplierTest.java,DefaultDrawingSupplierTest.java,175,62,0.35428572,3,0.11809524
/home/celia/jfreechart/tests/org/jfree/chart/plot/CombinedDomainXYPlotTest.java,CombinedDomainXYPlotTest.java,252,91,0.3611111,10,0.03611111
/home/celia/jfreechart/tests/org/jfree/chart/plot/MarkerTest.java,MarkerTest.java,372,126,0.33870968,15,0.022580646
/home/celia/jfreechart/tests/org/jfree/chart/plot/MeterIntervalTest.java,MeterIntervalTest.java,96,51,0.53125,3,0.17708333
/home/celia/jfreechart/tests/org/jfree/chart/plot/PiePlot3DTest.java,PiePlot3DTest.java,106,54,0.509434,3,0.16981132
/home/celia/jfreechart/tests/org/jfree/chart/plot/PlotOrientationTest.java,PlotOrientationTest.java,76,49,0.6447368,2,0.3223684
/home/celia/jfreechart/tests/org/jfree/chart/plot/PolarPlotTest.java,PolarPlotTest.java,326,65,0.1993865,8,0.024923313
/home/celia/jfreechart/tests/org/jfree/chart/plot/PieLabelRecordTest.java,PieLabelRecordTest.java,110,51,0.46363637,3,0.15454546
/home/celia/jfreechart/tests/org/jfree/chart/plot/MeterPlotTest.java,MeterPlotTest.java,220,79,0.3590909,4,0.08977272
/home/celia/jfreechart/tests/org/jfree/chart/block/RectangleConstraintTest.java,RectangleConstraintTest.java,123,54,0.4390244,1,0.4390244
/home/celia/jfreechart/tests/org/jfree/chart/block/FlowArrangementTest.java,FlowArrangementTest.java,106,51,0.4811321,3,0.16037737
/home/celia/jfreechart/tests/org/jfree/chart/block/GridArrangementTest.java,GridArrangementTest.java,276,97,0.35144928,19,0.018497331
/home/celia/jfreechart/tests/org/jfree/chart/block/EmptyBlockTest.java,EmptyBlockTest.java,95,51,0.5368421,3,0.17894737
/home/celia/jfreechart/tests/org/jfree/chart/block/BlockBorderTest.java,BlockBorderTest.java,100,54,0.54,3,0.18
/home/celia/jfreechart/tests/org/jfree/chart/block/ColumnArrangementTest.java,ColumnArrangementTest.java,106,51,0.4811321,3,0.16037737
/home/celia/jfreechart/tests/org/jfree/chart/block/AbstractBlockTest.java,AbstractBlockTest.java,132,51,0.38636363,3,0.12878788
/home/celia/jfreechart/tests/org/jfree/chart/block/LabelBlockTest.java,LabelBlockTest.java,127,53,0.41732284,3,0.13910761
/home/celia/jfreechart/tests/org/jfree/chart/block/BorderArrangementTest.java,BorderArrangementTest.java,717,193,0.26917714,6,0.044862855
/home/celia/jfreechart/tests/org/jfree/chart/block/BlockContainerTest.java,BlockContainerTest.java,90,51,0.56666666,3,0.18888889
/home/celia/jfreechart/tests/org/jfree/chart/block/ColorBlockTest.java,ColorBlockTest.java,113,52,0.460177,3,0.15339233
/home/celia/jfreechart/tests/org/jfree/chart/block/LineBorderTest.java,LineBorderTest.java,103,51,0.49514562,3,0.16504854
/home/celia/jfreechart/tests/org/jfree/chart/XYLineChartTest.java,XYLineChartTest.java,157,75,0.477707,6,0.079617836
/home/celia/jfreechart/tests/org/jfree/chart/XYAreaChartTest.java,XYAreaChartTest.java,157,75,0.477707,6,0.079617836
/home/celia/jfreechart/tests/org/jfree/chart/panel/CrosshairOverlayTest.java,CrosshairOverlayTest.java,92,51,0.5543478,3,0.18478261
/home/celia/jfreechart/tests/org/jfree/chart/ScatterPlotTest.java,ScatterPlotTest.java,158,76,0.48101267,6,0.080168776
/home/celia/jfreechart/tests/org/jfree/chart/PieChartTest.java,PieChartTest.java,106,70,0.6603774,4,0.16509435
/home/celia/jfreechart/tests/org/jfree/chart/StandardChartThemeTest.java,StandardChartThemeTest.java,245,80,0.3265306,3,0.108843535
/home/celia/jfreechart/tests/org/jfree/chart/LegendItemCollectionTest.java,LegendItemCollectionTest.java,108,52,0.4814815,3,0.16049384
/home/celia/jfreechart/tests/org/jfree/chart/imagemap/StandardURLTagFragmentGeneratorTest.java,StandardURLTagFragmentGeneratorTest.java,60,47,0.78333336,1,0.78333336
/home/celia/jfreechart/tests/org/jfree/chart/imagemap/StandardToolTipTagFragmentGeneratorTest.java,StandardToolTipTagFragmentGeneratorTest.java,59,45,0.7627119,1,0.7627119
/home/celia/jfreechart/tests/org/jfree/chart/imagemap/OverLIBToolTipTagFragmentGeneratorTest.java,OverLIBToolTipTagFragmentGeneratorTest.java,61,45,0.73770493,1,0.73770493
/home/celia/jfreechart/tests/org/jfree/chart/imagemap/ImageMapUtilitiesTest.java,ImageMapUtilitiesTest.java,73,48,0.65753424,2,0.32876712
/home/celia/jfreechart/tests/org/jfree/chart/imagemap/DynamicDriveToolTipTagFragmentGeneratorTest.java,DynamicDriveToolTipTagFragmentGeneratorTest.java,61,45,0.73770493,1,0.73770493
/home/celia/jfreechart/tests/org/jfree/chart/TestUtilities.java,TestUtilities.java,92,51,0.5543478,4,0.13858695
/home/celia/jfreechart/tests/org/jfree/chart/LineChartTest.java,LineChartTest.java,171,80,0.46783626,7,0.06683375
/home/celia/jfreechart/tests/org/jfree/chart/StrokeMapTest.java,StrokeMapTest.java,146,62,0.42465752,6,0.070776254
/home/celia/jfreechart/tests/org/jfree/chart/StackedBarChartTest.java,StackedBarChartTest.java,186,85,0.45698926,7,0.06528418
/home/celia/jfreechart/tests/org/jfree/chart/MeterChartTest.java,MeterChartTest.java,69,47,0.68115944,1,0.68115944
/home/celia/jfreechart/tests/org/jfree/chart/LineChart3DTest.java,LineChart3DTest.java,171,80,0.46783626,7,0.06683375
/home/celia/jfreechart/tests/org/jfree/chart/WaterfallChartTest.java,WaterfallChartTest.java,138,65,0.4710145,5,0.0942029
/home/celia/jfreechart/tests/org/jfree/chart/labels/CustomXYItemLabelGeneratorTest.java,CustomXYItemLabelGeneratorTest.java,92,53,0.57608694,3,0.19202898
/home/celia/jfreechart/tests/org/jfree/chart/labels/BoxAndWhiskerXYToolTipGeneratorTest.java,BoxAndWhiskerXYToolTipGeneratorTest.java,140,64,0.45714286,5,0.09142857
/home/celia/jfreechart/tests/org/jfree/chart/labels/StandardCategorySeriesLabelGeneratorTest.java,StandardCategorySeriesLabelGeneratorTest.java,129,61,0.4728682,6,0.07881137
/home/celia/jfreechart/tests/org/jfree/chart/labels/ItemLabelAnchorTest.java,ItemLabelAnchorTest.java,66,48,0.72727275,2,0.36363637
/home/celia/jfreechart/tests/org/jfree/chart/labels/StandardCategoryItemLabelGeneratorTest.java,StandardCategoryItemLabelGeneratorTest.java,167,67,0.4011976,7,0.057313945
/home/celia/jfreechart/tests/org/jfree/chart/labels/StandardPieToolTipGeneratorTest.java,StandardPieToolTipGeneratorTest.java,142,64,0.45070422,5,0.09014084
/home/celia/jfreechart/tests/org/jfree/chart/labels/MultipleXYSeriesLabelGeneratorTest.java,MultipleXYSeriesLabelGeneratorTest.java,125,59,0.472,5,0.0944
/home/celia/jfreechart/tests/org/jfree/chart/labels/StandardXYToolTipGeneratorTest.java,StandardXYToolTipGeneratorTest.java,144,59,0.4097222,5,0.08194444
/home/celia/jfreechart/tests/org/jfree/chart/labels/StandardXYZToolTipGeneratorTest.java,StandardXYZToolTipGeneratorTest.java,162,66,0.4074074,5,0.08148148
/home/celia/jfreechart/tests/org/jfree/chart/labels/IntervalCategoryItemLabelGeneratorTest.java,IntervalCategoryItemLabelGeneratorTest.java,125,59,0.472,5,0.0944
/home/celia/jfreechart/tests/org/jfree/chart/labels/StandardXYItemLabelGeneratorTest.java,StandardXYItemLabelGeneratorTest.java,173,65,0.37572256,5,0.075144514
/home/celia/jfreechart/tests/org/jfree/chart/labels/HighLowItemLabelGeneratorTest.java,HighLowItemLabelGeneratorTest.java,116,58,0.5,5,0.1
/home/celia/jfreechart/tests/org/jfree/chart/labels/IntervalCategoryToolTipGeneratorTest.java,IntervalCategoryToolTipGeneratorTest.java,139,61,0.4388489,6,0.073141485
/home/celia/jfreechart/tests/org/jfree/chart/labels/StandardPieSectionLabelGeneratorTest.java,StandardPieSectionLabelGeneratorTest.java,148,61,0.41216215,5,0.082432434
/home/celia/jfreechart/tests/org/jfree/chart/labels/StandardXYSeriesLabelGeneratorTest.java,StandardXYSeriesLabelGeneratorTest.java,128,61,0.4765625,6,0.079427086
/home/celia/jfreechart/tests/org/jfree/chart/labels/BubbleXYItemLabelGeneratorTest.java,BubbleXYItemLabelGeneratorTest.java,173,64,0.3699422,6,0.06165703
/home/celia/jfreechart/tests/org/jfree/chart/labels/ItemLabelPositionTest.java,ItemLabelPositionTest.java,67,49,0.73134327,2,0.36567163
/home/celia/jfreechart/tests/org/jfree/chart/labels/StandardContourToolTipGeneratorTest.java,StandardContourToolTipGeneratorTest.java,59,45,0.7627119,1,0.7627119
/home/celia/jfreechart/tests/org/jfree/chart/labels/BoxAndWhiskerToolTipGeneratorTest.java,BoxAndWhiskerToolTipGeneratorTest.java,118,61,0.5169492,5,0.10338984
/home/celia/jfreechart/tests/org/jfree/chart/labels/StandardCategoryToolTipGeneratorTest.java,StandardCategoryToolTipGeneratorTest.java,146,63,0.43150684,6,0.07191781
/home/celia/jfreechart/tests/org/jfree/chart/labels/SymbolicXYItemLabelGeneratorTest.java,SymbolicXYItemLabelGeneratorTest.java,103,58,0.5631068,5,0.11262135
/home/celia/jfreechart/tests/org/jfree/chart/util/LineUtilitiesTest.java,LineUtilitiesTest.java,104,42,0.40384614,5,0.080769226
/home/celia/jfreechart/tests/org/jfree/chart/util/LogFormatTest.java,LogFormatTest.java,106,55,0.5188679,4,0.12971698
/home/celia/jfreechart/tests/org/jfree/chart/util/RelativeDateFormatTest.java,RelativeDateFormatTest.java,196,71,0.3622449,8,0.045280613
/home/celia/jfreechart/tests/org/jfree/chart/XYStepAreaChartTest.java,XYStepAreaChartTest.java,157,75,0.477707,6,0.079617836
/home/celia/jfreechart/tests/org/jfree/chart/GanttChartTest.java,GanttChartTest.java,276,96,0.3478261,10,0.03478261
/home/celia/jfreechart/tests/org/jfree/chart/StackedAreaChartTest.java,StackedAreaChartTest.java,181,80,0.44198895,7,0.06314128
/home/celia/jfreechart/tests/org/jfree/chart/AreaChartTest.java,AreaChartTest.java,175,77,0.44,7,0.06285714
/home/celia/jfreechart/tests/org/jfree/chart/ChartRenderingInfoTest.java,ChartRenderingInfoTest.java,123,56,0.45528457,4,0.11382114
/home/celia/jfreechart/tests/org/jfree/chart/HashUtilitiesTest.java,HashUtilitiesTest.java,62,45,0.7258065,1,0.7258065
/home/celia/jfreechart/tests/org/jfree/chart/needle/PointerNeedleTest.java,PointerNeedleTest.java,78,51,0.65384614,3,0.21794872
/home/celia/jfreechart/tests/org/jfree/chart/needle/PinNeedleTest.java,PinNeedleTest.java,78,51,0.65384614,3,0.21794872
/home/celia/jfreechart/tests/org/jfree/chart/needle/MeterNeedleTest.java,MeterNeedleTest.java,90,45,0.5,1,0.5
/home/celia/jfreechart/tests/org/jfree/chart/needle/LineNeedleTest.java,LineNeedleTest.java,78,51,0.65384614,3,0.21794872
/home/celia/jfreechart/tests/org/jfree/chart/needle/WindNeedleTest.java,WindNeedleTest.java,78,51,0.65384614,3,0.21794872
/home/celia/jfreechart/tests/org/jfree/chart/needle/MiddlePinNeedleTest.java,MiddlePinNeedleTest.java,78,51,0.65384614,3,0.21794872
/home/celia/jfreechart/tests/org/jfree/chart/needle/PlumNeedleTest.java,PlumNeedleTest.java,78,51,0.65384614,3,0.21794872
/home/celia/jfreechart/tests/org/jfree/chart/needle/ArrowNeedleTest.java,ArrowNeedleTest.java,83,51,0.61445785,3,0.20481928
/home/celia/jfreechart/tests/org/jfree/chart/needle/ShipNeedleTest.java,ShipNeedleTest.java,78,51,0.65384614,3,0.21794872
/home/celia/jfreechart/tests/org/jfree/chart/needle/LongNeedleTest.java,LongNeedleTest.java,78,51,0.65384614,3,0.21794872
/home/celia/jfreechart/tests/org/jfree/chart/BarChart3DTest.java,BarChart3DTest.java,180,82,0.45555556,7,0.06507937
/home/celia/jfreechart/tests/org/jfree/chart/entity/ContourEntityTest.java,ContourEntityTest.java,102,51,0.5,3,0.16666667
/home/celia/jfreechart/tests/org/jfree/chart/entity/StandardEntityCollectionTest.java,StandardEntityCollectionTest.java,105,52,0.4952381,3,0.16507937
/home/celia/jfreechart/tests/org/jfree/chart/entity/XYItemEntityTest.java,XYItemEntityTest.java,105,51,0.4857143,3,0.16190477
/home/celia/jfreechart/tests/org/jfree/chart/entity/TickLabelEntityTest.java,TickLabelEntityTest.java,96,51,0.53125,3,0.17708333
/home/celia/jfreechart/tests/org/jfree/chart/entity/CategoryLabelEntityTest.java,CategoryLabelEntityTest.java,102,51,0.5,3,0.16666667
/home/celia/jfreechart/tests/org/jfree/chart/entity/CategoryItemEntityTest.java,CategoryItemEntityTest.java,124,51,0.41129032,3,0.13709678
/home/celia/jfreechart/tests/org/jfree/chart/entity/PieSectionEntityTest.java,PieSectionEntityTest.java,117,51,0.43589744,3,0.14529915
/home/celia/jfreechart/tests/org/jfree/chart/entity/LegendItemEntityTest.java,LegendItemEntityTest.java,110,52,0.47272727,3,0.15757576
/home/celia/jfreechart/LOCMetricsMeasurer.java,LOCMetricsMeasurer.java,123,45,0.36585367,12,0.030487806
