chemin, class, classe_LOC, classe_CLOC, classe_DC, WMC, classe_BC
/home/celia/jfreechart/CSVWriter.java,CSVWriter.java,57,26,0.45614034,3,0.15204678
/home/celia/jfreechart/src/test/java/org/jfree/data/DomainOrderTest.java,DomainOrderTest.java,90,51,0.56666666,3,0.18888889
/home/celia/jfreechart/src/test/java/org/jfree/data/xy/XYDataItemTest.java,XYDataItemTest.java,84,51,0.60714287,3,0.20238096
/home/celia/jfreechart/src/test/java/org/jfree/data/xy/DefaultTableXYDatasetTest.java,DefaultTableXYDatasetTest.java,180,67,0.37222221,6,0.062037036
/home/celia/jfreechart/src/test/java/org/jfree/data/xy/XIntervalSeriesTest.java,XIntervalSeriesTest.java,271,95,0.3505535,14,0.025039537
/home/celia/jfreechart/src/test/java/org/jfree/data/xy/DefaultHighLowDatasetTest.java,DefaultHighLowDatasetTest.java,168,55,0.32738096,4,0.08184524
/home/celia/jfreechart/src/test/java/org/jfree/data/xy/DefaultXYZDatasetTest.java,DefaultXYZDatasetTest.java,208,91,0.4375,8,0.0546875
/home/celia/jfreechart/src/test/java/org/jfree/data/xy/XYSeriesTest.java,XYSeriesTest.java,711,170,0.23909986,37,0.006462158
/home/celia/jfreechart/src/test/java/org/jfree/data/xy/XYIntervalDataItemTest.java,XYIntervalDataItemTest.java,130,60,0.46153846,4,0.115384616
/home/celia/jfreechart/src/test/java/org/jfree/data/xy/DefaultXYDatasetTest.java,DefaultXYDatasetTest.java,202,91,0.45049506,8,0.056311883
/home/celia/jfreechart/src/test/java/org/jfree/data/xy/XIntervalSeriesCollectionTest.java,XIntervalSeriesCollectionTest.java,160,76,0.475,6,0.079166666
/home/celia/jfreechart/src/test/java/org/jfree/data/xy/TableXYDatasetTest.java,TableXYDatasetTest.java,248,113,0.45564517,13,0.03504963
/home/celia/jfreechart/src/test/java/org/jfree/data/xy/CategoryTableXYDatasetTest.java,CategoryTableXYDatasetTest.java,169,66,0.39053255,6,0.06508876
/home/celia/jfreechart/src/test/java/org/jfree/data/xy/YIntervalSeriesCollectionTest.java,YIntervalSeriesCollectionTest.java,160,76,0.475,6,0.079166666
/home/celia/jfreechart/src/test/java/org/jfree/data/xy/YIntervalSeriesTest.java,YIntervalSeriesTest.java,248,88,0.3548387,12,0.029569892
/home/celia/jfreechart/src/test/java/org/jfree/data/xy/XYIntervalSeriesTest.java,XYIntervalSeriesTest.java,263,92,0.34980989,13,0.026908454
/home/celia/jfreechart/src/test/java/org/jfree/data/xy/YIntervalTest.java,YIntervalTest.java,88,51,0.57954544,3,0.19318181
/home/celia/jfreechart/src/test/java/org/jfree/data/xy/OHLCDataItemTest.java,OHLCDataItemTest.java,83,51,0.61445785,3,0.20481928
/home/celia/jfreechart/src/test/java/org/jfree/data/xy/VectorDataItemTest.java,VectorDataItemTest.java,109,55,0.5045872,4,0.1261468
/home/celia/jfreechart/src/test/java/org/jfree/data/xy/MatrixSeriesTest.java,MatrixSeriesTest.java,149,60,0.40268457,6,0.06711409
/home/celia/jfreechart/src/test/java/org/jfree/data/xy/YIntervalDataItemTest.java,YIntervalDataItemTest.java,113,58,0.5132743,4,0.12831858
/home/celia/jfreechart/src/test/java/org/jfree/data/xy/VectorSeriesTest.java,VectorSeriesTest.java,249,89,0.3574297,12,0.02978581
/home/celia/jfreechart/src/test/java/org/jfree/data/xy/DefaultWindDatasetTest.java,DefaultWindDatasetTest.java,174,93,0.5344828,8,0.06681035
/home/celia/jfreechart/src/test/java/org/jfree/data/xy/DefaultIntervalXYDatasetTest.java,DefaultIntervalXYDatasetTest.java,328,119,0.3628049,17,0.021341464
/home/celia/jfreechart/src/test/java/org/jfree/data/xy/DefaultOHLCDatasetTest.java,DefaultOHLCDatasetTest.java,143,63,0.44055945,6,0.073426574
/home/celia/jfreechart/src/test/java/org/jfree/data/xy/YWithXIntervalTest.java,YWithXIntervalTest.java,88,51,0.57954544,3,0.19318181
/home/celia/jfreechart/src/test/java/org/jfree/data/xy/XYIntervalTest.java,XYIntervalTest.java,96,51,0.53125,3,0.17708333
/home/celia/jfreechart/src/test/java/org/jfree/data/xy/XYSeriesCollectionTest.java,XYSeriesCollectionTest.java,467,135,0.28907922,18,0.016059957
/home/celia/jfreechart/src/test/java/org/jfree/data/xy/XIntervalDataItemTest.java,XIntervalDataItemTest.java,112,58,0.51785713,4,0.12946428
/home/celia/jfreechart/src/test/java/org/jfree/data/xy/XYCoordinateTest.java,XYCoordinateTest.java,98,55,0.56122446,4,0.14030612
/home/celia/jfreechart/src/test/java/org/jfree/data/xy/IntervalXYDelegateTest.java,IntervalXYDelegateTest.java,109,52,0.47706422,3,0.1590214
/home/celia/jfreechart/src/test/java/org/jfree/data/xy/XYBarDatasetTest.java,XYBarDatasetTest.java,122,56,0.45901638,4,0.114754096
/home/celia/jfreechart/src/test/java/org/jfree/data/xy/XYIntervalSeriesCollectionTest.java,XYIntervalSeriesCollectionTest.java,167,78,0.46706587,6,0.077844314
/home/celia/jfreechart/src/test/java/org/jfree/data/xy/VectorTest.java,VectorTest.java,98,55,0.56122446,4,0.14030612
/home/celia/jfreechart/src/test/java/org/jfree/data/xy/MatrixSeriesCollectionTest.java,MatrixSeriesCollectionTest.java,110,56,0.5090909,4,0.12727273
/home/celia/jfreechart/src/test/java/org/jfree/data/xy/VectorSeriesCollectionTest.java,VectorSeriesCollectionTest.java,133,60,0.45112783,5,0.09022556
/home/celia/jfreechart/src/test/java/org/jfree/data/KeyedObjectTest.java,KeyedObjectTest.java,113,59,0.5221239,4,0.13053097
/home/celia/jfreechart/src/test/java/org/jfree/data/DefaultKeyedValueTest.java,DefaultKeyedValueTest.java,111,66,0.5945946,4,0.14864865
/home/celia/jfreechart/src/test/java/org/jfree/data/DataUtilitiesTest.java,DataUtilitiesTest.java,220,66,0.3,7,0.042857144
/home/celia/jfreechart/src/test/java/org/jfree/data/RangeTest.java,RangeTest.java,307,93,0.3029316,13,0.023302432
/home/celia/jfreechart/src/test/java/org/jfree/data/RangeTypeTest.java,RangeTypeTest.java,90,51,0.56666666,3,0.18888889
/home/celia/jfreechart/src/test/java/org/jfree/data/KeyToGroupMapTest.java,KeyToGroupMapTest.java,216,92,0.42592594,8,0.053240743
/home/celia/jfreechart/src/test/java/org/jfree/data/gantt/TaskSeriesCollectionTest.java,TaskSeriesCollectionTest.java,580,164,0.28275862,27,0.010472542
/home/celia/jfreechart/src/test/java/org/jfree/data/gantt/TaskSeriesTest.java,TaskSeriesTest.java,114,56,0.49122807,4,0.12280702
/home/celia/jfreechart/src/test/java/org/jfree/data/gantt/TaskTest.java,TaskTest.java,115,54,0.4695652,4,0.1173913
/home/celia/jfreechart/src/test/java/org/jfree/data/gantt/SlidingGanttCategoryDatasetTest.java,SlidingGanttCategoryDatasetTest.java,134,53,0.3955224,3,0.1318408
/home/celia/jfreechart/src/test/java/org/jfree/data/gantt/XYTaskDatasetTest.java,XYTaskDatasetTest.java,126,53,0.42063493,3,0.14021164
/home/celia/jfreechart/src/test/java/org/jfree/data/KeyedObjectsTest.java,KeyedObjectsTest.java,318,94,0.2955975,10,0.02955975
/home/celia/jfreechart/src/test/java/org/jfree/data/general/DefaultPieDatasetTest.java,DefaultPieDatasetTest.java,150,65,0.43333334,6,0.072222225
/home/celia/jfreechart/src/test/java/org/jfree/data/general/IntervalDataItem.java,IntervalDataItem.java,63,43,0.6825397,4,0.17063493
/home/celia/jfreechart/src/test/java/org/jfree/data/general/TestIntervalCategoryDataset.java,TestIntervalCategoryDataset.java,436,246,0.5642202,38,0.0148479
/home/celia/jfreechart/src/test/java/org/jfree/data/general/DatasetGroupTest.java,DatasetGroupTest.java,57,45,0.7894737,1,0.7894737
/home/celia/jfreechart/src/test/java/org/jfree/data/general/DefaultKeyedValues2DDatasetTest.java,DefaultKeyedValues2DDatasetTest.java,77,48,0.6233766,2,0.3116883
/home/celia/jfreechart/src/test/java/org/jfree/data/general/DefaultKeyedValuesDatasetTest.java,DefaultKeyedValuesDatasetTest.java,76,48,0.6315789,2,0.31578946
/home/celia/jfreechart/src/test/java/org/jfree/data/general/DefaultKeyedValueDatasetTest.java,DefaultKeyedValueDatasetTest.java,105,54,0.51428574,4,0.12857144
/home/celia/jfreechart/src/test/java/org/jfree/data/general/DefaultHeatMapDatasetTest.java,DefaultHeatMapDatasetTest.java,175,64,0.36571428,5,0.07314286
/home/celia/jfreechart/src/test/java/org/jfree/data/general/DatasetUtilitiesTest.java,DatasetUtilitiesTest.java,1333,312,0.23405851,64,0.0036571643
/home/celia/jfreechart/src/test/java/org/jfree/data/KeyedObjects2DTest.java,KeyedObjects2DTest.java,355,90,0.2535211,11,0.023047375
/home/celia/jfreechart/src/test/java/org/jfree/data/ComparableObjectItemTest.java,ComparableObjectItemTest.java,128,66,0.515625,5,0.103125
/home/celia/jfreechart/src/test/java/org/jfree/data/DefaultKeyedValuesTest.java,DefaultKeyedValuesTest.java,441,167,0.37868482,18,0.021038046
/home/celia/jfreechart/src/test/java/org/jfree/data/function/LineFunction2DTest.java,LineFunction2DTest.java,91,55,0.6043956,4,0.1510989
/home/celia/jfreechart/src/test/java/org/jfree/data/function/PolynomialFunction2DTest.java,PolynomialFunction2DTest.java,129,63,0.4883721,6,0.08139535
/home/celia/jfreechart/src/test/java/org/jfree/data/function/PowerFunction2DTest.java,PowerFunction2DTest.java,92,55,0.59782606,4,0.14945652
/home/celia/jfreechart/src/test/java/org/jfree/data/function/NormalDistributionFunction2DTest.java,NormalDistributionFunction2DTest.java,98,55,0.56122446,4,0.14030612
/home/celia/jfreechart/src/test/java/org/jfree/data/ComparableObjectSeriesTest.java,ComparableObjectSeriesTest.java,192,84,0.4375,8,0.0546875
/home/celia/jfreechart/src/test/java/org/jfree/data/DefaultKeyedValues2DTest.java,DefaultKeyedValues2DTest.java,307,94,0.3061889,14,0.021870637
/home/celia/jfreechart/src/test/java/org/jfree/data/time/DateRangeTest.java,DateRangeTest.java,101,56,0.55445546,4,0.13861386
/home/celia/jfreechart/src/test/java/org/jfree/data/time/YearTest.java,YearTest.java,365,130,0.3561644,22,0.01618929
/home/celia/jfreechart/src/test/java/org/jfree/data/time/TimePeriodValuesTest.java,TimePeriodValuesTest.java,329,113,0.34346506,17,0.020203827
/home/celia/jfreechart/src/test/java/org/jfree/data/time/ohlc/OHLCSeriesCollectionTest.java,OHLCSeriesCollectionTest.java,225,92,0.40888888,9,0.0454321
/home/celia/jfreechart/src/test/java/org/jfree/data/time/ohlc/OHLCTest.java,OHLCTest.java,105,55,0.52380955,4,0.13095239
/home/celia/jfreechart/src/test/java/org/jfree/data/time/ohlc/OHLCSeriesTest.java,OHLCSeriesTest.java,236,87,0.36864406,12,0.030720338
/home/celia/jfreechart/src/test/java/org/jfree/data/time/ohlc/OHLCItemTest.java,OHLCItemTest.java,132,63,0.47727272,5,0.095454544
/home/celia/jfreechart/src/test/java/org/jfree/data/time/WeekTest.java,WeekTest.java,474,171,0.3607595,24,0.015031646
/home/celia/jfreechart/src/test/java/org/jfree/data/time/HourTest.java,HourTest.java,346,129,0.37283236,22,0.016946925
/home/celia/jfreechart/src/test/java/org/jfree/data/time/SecondTest.java,SecondTest.java,303,109,0.35973597,17,0.02116094
/home/celia/jfreechart/src/test/java/org/jfree/data/time/TimeSeriesDataItemTest.java,TimeSeriesDataItemTest.java,88,53,0.60227275,3,0.20075758
/home/celia/jfreechart/src/test/java/org/jfree/data/time/TimeSeriesTest.java,TimeSeriesTest.java,1096,309,0.28193432,47,0.0059986026
/home/celia/jfreechart/src/test/java/org/jfree/data/time/MillisecondTest.java,MillisecondTest.java,327,117,0.35779816,18,0.019877676
/home/celia/jfreechart/src/test/java/org/jfree/data/time/MonthTest.java,MonthTest.java,383,141,0.3681462,23,0.016006356
/home/celia/jfreechart/src/test/java/org/jfree/data/time/MovingAverageTest.java,MovingAverageTest.java,94,53,0.5638298,2,0.2819149
/home/celia/jfreechart/src/test/java/org/jfree/data/time/TimeSeriesCollectionTest.java,TimeSeriesCollectionTest.java,413,114,0.27602905,13,0.021233004
/home/celia/jfreechart/src/test/java/org/jfree/data/time/TimePeriodAnchorTest.java,TimePeriodAnchorTest.java,66,48,0.72727275,2,0.36363637
/home/celia/jfreechart/src/test/java/org/jfree/data/time/SimpleTimePeriodTest.java,SimpleTimePeriodTest.java,164,67,0.40853658,7,0.05836237
/home/celia/jfreechart/src/test/java/org/jfree/data/time/QuarterTest.java,QuarterTest.java,402,157,0.39054728,24,0.016272804
/home/celia/jfreechart/src/test/java/org/jfree/data/time/DayTest.java,DayTest.java,363,139,0.38292012,23,0.0166487
/home/celia/jfreechart/src/test/java/org/jfree/data/time/TimePeriodValuesCollectionTest.java,TimePeriodValuesCollectionTest.java,194,76,0.39175257,6,0.0652921
/home/celia/jfreechart/src/test/java/org/jfree/data/time/TimePeriodValueTest.java,TimePeriodValueTest.java,76,51,0.67105263,3,0.2236842
/home/celia/jfreechart/src/test/java/org/jfree/data/time/MinuteTest.java,MinuteTest.java,318,115,0.3616352,18,0.020090844
/home/celia/jfreechart/src/test/java/org/jfree/data/time/FixedMillisecondTest.java,FixedMillisecondTest.java,94,58,0.61702126,4,0.15425532
/home/celia/jfreechart/src/test/java/org/jfree/data/time/TimeTableXYDatasetTest.java,TimeTableXYDatasetTest.java,150,63,0.42,6,0.07
/home/celia/jfreechart/src/test/java/org/jfree/data/category/CategoryToPieDatasetTest.java,CategoryToPieDatasetTest.java,201,117,0.58208954,6,0.09701493
/home/celia/jfreechart/src/test/java/org/jfree/data/category/SlidingCategoryDatasetTest.java,SlidingCategoryDatasetTest.java,244,72,0.29508197,9,0.032786887
/home/celia/jfreechart/src/test/java/org/jfree/data/category/DefaultCategoryDatasetTest.java,DefaultCategoryDatasetTest.java,331,101,0.30513597,14,0.021795426
/home/celia/jfreechart/src/test/java/org/jfree/data/category/DefaultIntervalCategoryDatasetTest.java,DefaultIntervalCategoryDatasetTest.java,438,118,0.26940638,20,0.013470319
/home/celia/jfreechart/src/test/java/org/jfree/data/statistics/DefaultBoxAndWhiskerCategoryDatasetTest.java,DefaultBoxAndWhiskerCategoryDatasetTest.java,264,77,0.29166666,9,0.032407407
/home/celia/jfreechart/src/test/java/org/jfree/data/statistics/MeanAndStandardDeviationTest.java,MeanAndStandardDeviationTest.java,86,51,0.59302324,3,0.19767441
/home/celia/jfreechart/src/test/java/org/jfree/data/statistics/StatisticsTest.java,StatisticsTest.java,423,102,0.24113475,12,0.020094562
/home/celia/jfreechart/src/test/java/org/jfree/data/statistics/RegressionTest.java,RegressionTest.java,218,84,0.3853211,14,0.027522936
/home/celia/jfreechart/src/test/java/org/jfree/data/statistics/SimpleHistogramDatasetTest.java,SimpleHistogramDatasetTest.java,115,59,0.51304346,5,0.102608696
/home/celia/jfreechart/src/test/java/org/jfree/data/statistics/HistogramBinTest.java,HistogramBinTest.java,84,51,0.60714287,3,0.20238096
/home/celia/jfreechart/src/test/java/org/jfree/data/statistics/DefaultMultiValueCategoryDatasetTest.java,DefaultMultiValueCategoryDatasetTest.java,223,75,0.33632287,8,0.04204036
/home/celia/jfreechart/src/test/java/org/jfree/data/statistics/BoxAndWhiskerCalculatorTest.java,BoxAndWhiskerCalculatorTest.java,151,58,0.38410595,4,0.09602649
/home/celia/jfreechart/src/test/java/org/jfree/data/statistics/BoxAndWhiskerItemTest.java,BoxAndWhiskerItemTest.java,78,48,0.61538464,2,0.30769232
/home/celia/jfreechart/src/test/java/org/jfree/data/statistics/HistogramDatasetTest.java,HistogramDatasetTest.java,231,88,0.3809524,11,0.034632035
/home/celia/jfreechart/src/test/java/org/jfree/data/statistics/SimpleHistogramBinTest.java,SimpleHistogramBinTest.java,148,58,0.3918919,5,0.07837838
/home/celia/jfreechart/src/test/java/org/jfree/data/statistics/DefaultBoxAndWhiskerXYDatasetTest.java,DefaultBoxAndWhiskerXYDatasetTest.java,162,62,0.38271606,6,0.06378601
/home/celia/jfreechart/src/test/java/org/jfree/data/statistics/DefaultStatisticalCategoryDatasetTest.java,DefaultStatisticalCategoryDatasetTest.java,251,87,0.34661356,11,0.031510323
/home/celia/jfreechart/src/test/java/org/jfree/chart/PaintMapTest.java,PaintMapTest.java,162,68,0.41975307,7,0.059964724
/home/celia/jfreechart/src/test/java/org/jfree/chart/renderer/xy/XYSplineRendererTest.java,XYSplineRendererTest.java,126,59,0.46825397,5,0.093650796
/home/celia/jfreechart/src/test/java/org/jfree/chart/renderer/xy/XYStepAreaRendererTest.java,XYStepAreaRendererTest.java,167,74,0.44311377,6,0.07385229
/home/celia/jfreechart/src/test/java/org/jfree/chart/renderer/xy/WindItemRendererTest.java,WindItemRendererTest.java,100,58,0.58,5,0.116
/home/celia/jfreechart/src/test/java/org/jfree/chart/renderer/xy/XYBoxAndWhiskerRendererTest.java,XYBoxAndWhiskerRendererTest.java,168,65,0.38690478,6,0.06448413
/home/celia/jfreechart/src/test/java/org/jfree/chart/renderer/xy/ClusteredXYBarRendererTest.java,ClusteredXYBarRendererTest.java,162,70,0.43209878,7,0.061728396
/home/celia/jfreechart/src/test/java/org/jfree/chart/renderer/xy/XYShapeRendererTest.java,XYShapeRendererTest.java,162,60,0.37037036,5,0.074074075
/home/celia/jfreechart/src/test/java/org/jfree/chart/renderer/xy/XYStepRendererTest.java,XYStepRendererTest.java,182,83,0.45604396,7,0.065149136
/home/celia/jfreechart/src/test/java/org/jfree/chart/renderer/xy/XYDotRendererTest.java,XYDotRendererTest.java,161,71,0.4409938,6,0.073498964
/home/celia/jfreechart/src/test/java/org/jfree/chart/renderer/xy/AbstractXYItemRendererTest.java,AbstractXYItemRendererTest.java,168,69,0.4107143,6,0.06845238
/home/celia/jfreechart/src/test/java/org/jfree/chart/renderer/xy/YIntervalRendererTest.java,YIntervalRendererTest.java,230,74,0.32173914,6,0.05362319
/home/celia/jfreechart/src/test/java/org/jfree/chart/renderer/xy/StandardXYBarPainterTest.java,StandardXYBarPainterTest.java,92,55,0.59782606,4,0.14945652
/home/celia/jfreechart/src/test/java/org/jfree/chart/renderer/xy/DeviationRendererTest.java,DeviationRendererTest.java,107,59,0.55140185,5,0.11028037
/home/celia/jfreechart/src/test/java/org/jfree/chart/renderer/xy/XYAreaRenderer2Test.java,XYAreaRenderer2Test.java,189,83,0.43915343,7,0.062736206
/home/celia/jfreechart/src/test/java/org/jfree/chart/renderer/xy/XYAreaRendererTest.java,XYAreaRendererTest.java,227,85,0.37444934,7,0.053492762
/home/celia/jfreechart/src/test/java/org/jfree/chart/renderer/xy/HighLowRendererTest.java,HighLowRendererTest.java,165,72,0.43636364,6,0.07272727
/home/celia/jfreechart/src/test/java/org/jfree/chart/renderer/xy/RendererXYPackageUtils.java,RendererXYPackageUtils.java,94,63,0.67021275,2,0.33510637
/home/celia/jfreechart/src/test/java/org/jfree/chart/renderer/xy/XYBlockRendererTest.java,XYBlockRendererTest.java,193,77,0.39896372,9,0.0443293
/home/celia/jfreechart/src/test/java/org/jfree/chart/renderer/xy/StackedXYBarRendererTest.java,StackedXYBarRendererTest.java,161,66,0.4099379,7,0.058562554
/home/celia/jfreechart/src/test/java/org/jfree/chart/renderer/xy/XYDifferenceRendererTest.java,XYDifferenceRendererTest.java,192,79,0.41145834,7,0.058779765
/home/celia/jfreechart/src/test/java/org/jfree/chart/renderer/xy/VectorRendererTest.java,VectorRendererTest.java,109,60,0.5504587,5,0.110091746
/home/celia/jfreechart/src/test/java/org/jfree/chart/renderer/xy/StandardXYItemRendererTest.java,StandardXYItemRendererTest.java,239,78,0.32635984,7,0.046622835
/home/celia/jfreechart/src/test/java/org/jfree/chart/renderer/xy/XYLine3DRendererTest.java,XYLine3DRendererTest.java,121,58,0.47933885,5,0.09586777
/home/celia/jfreechart/src/test/java/org/jfree/chart/renderer/xy/StackedXYAreaRendererTest.java,StackedXYAreaRendererTest.java,213,87,0.4084507,8,0.051056337
/home/celia/jfreechart/src/test/java/org/jfree/chart/renderer/xy/XYErrorRendererTest.java,XYErrorRendererTest.java,175,76,0.4342857,9,0.04825397
/home/celia/jfreechart/src/test/java/org/jfree/chart/renderer/xy/XYBarRendererTest.java,XYBarRendererTest.java,329,104,0.31610942,11,0.028737219
/home/celia/jfreechart/src/test/java/org/jfree/chart/renderer/xy/XYBubbleRendererTest.java,XYBubbleRendererTest.java,155,71,0.45806453,6,0.07634409
/home/celia/jfreechart/src/test/java/org/jfree/chart/renderer/xy/XYLineAndShapeRendererTest.java,XYLineAndShapeRendererTest.java,278,81,0.2913669,9,0.0323741
/home/celia/jfreechart/src/test/java/org/jfree/chart/renderer/xy/StackedXYAreaRenderer2Test.java,StackedXYAreaRenderer2Test.java,168,69,0.4107143,7,0.05867347
/home/celia/jfreechart/src/test/java/org/jfree/chart/renderer/xy/GradientXYBarPainterTest.java,GradientXYBarPainterTest.java,104,55,0.52884614,4,0.13221154
/home/celia/jfreechart/src/test/java/org/jfree/chart/renderer/xy/CandlestickRendererTest.java,CandlestickRendererTest.java,208,80,0.3846154,7,0.054945055
/home/celia/jfreechart/src/test/java/org/jfree/chart/renderer/AbstractRendererTest.java,AbstractRendererTest.java,895,215,0.24022347,28,0.00857941
/home/celia/jfreechart/src/test/java/org/jfree/chart/renderer/OutlierTest.java,OutlierTest.java,100,54,0.54,4,0.135
/home/celia/jfreechart/src/test/java/org/jfree/chart/renderer/GrayPaintScaleTest.java,GrayPaintScaleTest.java,126,61,0.48412699,5,0.0968254
/home/celia/jfreechart/src/test/java/org/jfree/chart/renderer/RendererChangeDetector.java,RendererChangeDetector.java,83,65,0.78313255,4,0.19578314
/home/celia/jfreechart/src/test/java/org/jfree/chart/renderer/RendererUtilitiesTest.java,RendererUtilitiesTest.java,459,113,0.24618736,11,0.022380669
/home/celia/jfreechart/src/test/java/org/jfree/chart/renderer/category/BoxAndWhiskerRendererTest.java,BoxAndWhiskerRendererTest.java,517,197,0.38104448,22,0.017320203
/home/celia/jfreechart/src/test/java/org/jfree/chart/renderer/category/StackedBarRenderer3DTest.java,StackedBarRenderer3DTest.java,397,118,0.29722923,23,0.01292301
/home/celia/jfreechart/src/test/java/org/jfree/chart/renderer/category/LineRenderer3DTest.java,LineRenderer3DTest.java,201,68,0.33830845,19,0.017805709
/home/celia/jfreechart/src/test/java/org/jfree/chart/renderer/category/StatisticalLineAndShapeRendererTest.java,StatisticalLineAndShapeRendererTest.java,185,79,0.42702702,8,0.053378377
/home/celia/jfreechart/src/test/java/org/jfree/chart/renderer/category/GanttRendererTest.java,GanttRendererTest.java,124,59,0.47580644,5,0.09516129
/home/celia/jfreechart/src/test/java/org/jfree/chart/renderer/category/StackedAreaRendererTest.java,StackedAreaRendererTest.java,131,63,0.48091602,6,0.08015267
/home/celia/jfreechart/src/test/java/org/jfree/chart/renderer/category/CategoryStepRendererTest.java,CategoryStepRendererTest.java,125,68,0.544,5,0.10880001
/home/celia/jfreechart/src/test/java/org/jfree/chart/renderer/category/BarRenderer3DTest.java,BarRenderer3DTest.java,121,60,0.49586776,5,0.09917355
/home/celia/jfreechart/src/test/java/org/jfree/chart/renderer/category/AreaRendererTest.java,AreaRendererTest.java,138,72,0.5217391,6,0.08695652
/home/celia/jfreechart/src/test/java/org/jfree/chart/renderer/category/StackedBarRendererTest.java,StackedBarRendererTest.java,131,62,0.47328246,6,0.07888041
/home/celia/jfreechart/src/test/java/org/jfree/chart/renderer/category/LayeredBarRendererTest.java,LayeredBarRendererTest.java,126,70,0.5555556,6,0.0925926
/home/celia/jfreechart/src/test/java/org/jfree/chart/renderer/category/GradientBarPainterTest.java,GradientBarPainterTest.java,103,55,0.5339806,4,0.13349515
/home/celia/jfreechart/src/test/java/org/jfree/chart/renderer/category/MinMaxCategoryRendererTest.java,MinMaxCategoryRendererTest.java,146,71,0.48630136,6,0.081050225
/home/celia/jfreechart/src/test/java/org/jfree/chart/renderer/category/StandardBarPainterTest.java,StandardBarPainterTest.java,92,55,0.59782606,4,0.14945652
/home/celia/jfreechart/src/test/java/org/jfree/chart/renderer/category/WaterfallBarRendererTest.java,WaterfallBarRendererTest.java,177,106,0.59887004,6,0.09981167
/home/celia/jfreechart/src/test/java/org/jfree/chart/renderer/category/ScatterRendererTest.java,ScatterRendererTest.java,194,74,0.3814433,11,0.034676664
/home/celia/jfreechart/src/test/java/org/jfree/chart/renderer/category/DefaultCategoryItemRendererTest.java,DefaultCategoryItemRendererTest.java,103,59,0.57281554,5,0.11456311
/home/celia/jfreechart/src/test/java/org/jfree/chart/renderer/category/IntervalBarRendererTest.java,IntervalBarRendererTest.java,159,75,0.4716981,7,0.06738544
/home/celia/jfreechart/src/test/java/org/jfree/chart/renderer/category/BarRendererTest.java,BarRendererTest.java,274,104,0.37956205,9,0.04217356
/home/celia/jfreechart/src/test/java/org/jfree/chart/renderer/category/StatisticalBarRendererTest.java,StatisticalBarRendererTest.java,266,125,0.4699248,11,0.042720437
/home/celia/jfreechart/src/test/java/org/jfree/chart/renderer/category/GroupedStackedBarRendererTest.java,GroupedStackedBarRendererTest.java,160,71,0.44375,6,0.07395833
/home/celia/jfreechart/src/test/java/org/jfree/chart/renderer/category/LineAndShapeRendererTest.java,LineAndShapeRendererTest.java,304,85,0.27960527,27,0.010355751
/home/celia/jfreechart/src/test/java/org/jfree/chart/renderer/category/AbstractCategoryItemRendererTest.java,AbstractCategoryItemRendererTest.java,320,87,0.271875,8,0.033984374
/home/celia/jfreechart/src/test/java/org/jfree/chart/renderer/category/LevelRendererTest.java,LevelRendererTest.java,181,90,0.49723756,8,0.062154695
/home/celia/jfreechart/src/test/java/org/jfree/chart/renderer/DefaultPolarItemRendererTest.java,DefaultPolarItemRendererTest.java,101,55,0.5445545,4,0.13613862
/home/celia/jfreechart/src/test/java/org/jfree/chart/renderer/LookupPaintScaleTest.java,LookupPaintScaleTest.java,174,65,0.37356323,6,0.06226054
/home/celia/jfreechart/src/test/java/org/jfree/chart/renderer/AreaRendererEndTypeTest.java,AreaRendererEndTypeTest.java,70,48,0.6857143,2,0.34285715
/home/celia/jfreechart/src/test/java/org/jfree/chart/PieChart3DTest.java,PieChart3DTest.java,129,75,0.5813953,5,0.116279066
/home/celia/jfreechart/src/test/java/org/jfree/chart/ChartPanelTest.java,ChartPanelTest.java,321,117,0.36448598,17,0.021440351
/home/celia/jfreechart/src/test/java/org/jfree/chart/StackedBarChart3DTest.java,StackedBarChart3DTest.java,183,81,0.44262296,7,0.06323185
/home/celia/jfreechart/src/test/java/org/jfree/chart/TimeSeriesChartTest.java,TimeSeriesChartTest.java,165,80,0.4848485,6,0.08080808
/home/celia/jfreechart/src/test/java/org/jfree/chart/JFreeChartTest.java,JFreeChartTest.java,433,121,0.27944574,15,0.018629717
/home/celia/jfreechart/src/test/java/org/jfree/chart/annotations/XYDrawableAnnotationTest.java,XYDrawableAnnotationTest.java,186,81,0.43548387,11,0.039589442
/home/celia/jfreechart/src/test/java/org/jfree/chart/annotations/CategoryPointerAnnotationTest.java,CategoryPointerAnnotationTest.java,165,66,0.4,5,0.08
/home/celia/jfreechart/src/test/java/org/jfree/chart/annotations/CategoryLineAnnotationTest.java,CategoryLineAnnotationTest.java,144,64,0.44444445,5,0.08888889
/home/celia/jfreechart/src/test/java/org/jfree/chart/annotations/XYPointerAnnotationTest.java,XYPointerAnnotationTest.java,167,69,0.41317365,5,0.08263473
/home/celia/jfreechart/src/test/java/org/jfree/chart/annotations/XYBoxAnnotationTest.java,XYBoxAnnotationTest.java,184,75,0.4076087,6,0.06793478
/home/celia/jfreechart/src/test/java/org/jfree/chart/annotations/CategoryTextAnnotationTest.java,CategoryTextAnnotationTest.java,125,62,0.496,5,0.099199995
/home/celia/jfreechart/src/test/java/org/jfree/chart/annotations/TextAnnotationTest.java,TextAnnotationTest.java,165,69,0.4181818,5,0.08363636
/home/celia/jfreechart/src/test/java/org/jfree/chart/annotations/XYImageAnnotationTest.java,XYImageAnnotationTest.java,128,81,0.6328125,4,0.15820312
/home/celia/jfreechart/src/test/java/org/jfree/chart/annotations/XYPolygonAnnotationTest.java,XYPolygonAnnotationTest.java,151,58,0.38410595,5,0.07682119
/home/celia/jfreechart/src/test/java/org/jfree/chart/annotations/XYTextAnnotationTest.java,XYTextAnnotationTest.java,171,69,0.40350878,5,0.08070175
/home/celia/jfreechart/src/test/java/org/jfree/chart/annotations/XYTitleAnnotationTest.java,XYTitleAnnotationTest.java,150,67,0.44666666,5,0.08933333
/home/celia/jfreechart/src/test/java/org/jfree/chart/annotations/XYShapeAnnotationTest.java,XYShapeAnnotationTest.java,165,63,0.38181818,5,0.07636364
/home/celia/jfreechart/src/test/java/org/jfree/chart/annotations/XYLineAnnotationTest.java,XYLineAnnotationTest.java,148,59,0.39864865,5,0.07972973
/home/celia/jfreechart/src/test/java/org/jfree/chart/XYStepChartTest.java,XYStepChartTest.java,169,82,0.4852071,6,0.08086785
/home/celia/jfreechart/src/test/java/org/jfree/chart/axis/QuarterDateFormatTest.java,QuarterDateFormatTest.java,119,55,0.46218488,4,0.11554622
/home/celia/jfreechart/src/test/java/org/jfree/chart/axis/DateTickTest.java,DateTickTest.java,129,54,0.41860464,4,0.10465116
/home/celia/jfreechart/src/test/java/org/jfree/chart/axis/CategoryTickTest.java,CategoryTickTest.java,134,55,0.41044775,4,0.10261194
/home/celia/jfreechart/src/test/java/org/jfree/chart/axis/AxisTest.java,AxisTest.java,244,79,0.3237705,4,0.08094262
/home/celia/jfreechart/src/test/java/org/jfree/chart/axis/CategoryAnchorTest.java,CategoryAnchorTest.java,84,52,0.61904764,3,0.20634921
/home/celia/jfreechart/src/test/java/org/jfree/chart/axis/SymbolAxisTest.java,SymbolAxisTest.java,103,52,0.5048544,3,0.16828479
/home/celia/jfreechart/src/test/java/org/jfree/chart/axis/AxisLocationTest.java,AxisLocationTest.java,84,52,0.61904764,3,0.20634921
/home/celia/jfreechart/src/test/java/org/jfree/chart/axis/AxisSpaceTest.java,AxisSpaceTest.java,98,52,0.53061223,3,0.17687075
/home/celia/jfreechart/src/test/java/org/jfree/chart/axis/TickUnitsTest.java,TickUnitsTest.java,84,51,0.60714287,3,0.20238096
/home/celia/jfreechart/src/test/java/org/jfree/chart/axis/ColorBarTest.java,ColorBarTest.java,100,55,0.55,4,0.1375
/home/celia/jfreechart/src/test/java/org/jfree/chart/axis/LogarithmicAxisTest.java,LogarithmicAxisTest.java,216,88,0.4074074,11,0.037037037
/home/celia/jfreechart/src/test/java/org/jfree/chart/axis/ModuloAxisTest.java,ModuloAxisTest.java,96,54,0.5625,4,0.140625
/home/celia/jfreechart/src/test/java/org/jfree/chart/axis/CyclicNumberAxisTest.java,CyclicNumberAxisTest.java,131,63,0.48091602,4,0.120229006
/home/celia/jfreechart/src/test/java/org/jfree/chart/axis/SegmentedTimelineAdditionalTest.java,SegmentedTimelineAdditionalTest.java,401,108,0.2693267,11,0.024484245
/home/celia/jfreechart/src/test/java/org/jfree/chart/axis/ValueAxisTest.java,ValueAxisTest.java,221,80,0.36199096,4,0.09049774
/home/celia/jfreechart/src/test/java/org/jfree/chart/axis/DateAxisTest.java,DateAxisTest.java,1003,202,0.20139581,26,0.007745993
/home/celia/jfreechart/src/test/java/org/jfree/chart/axis/SegmentedTimelineTest.java,SegmentedTimelineTest.java,979,419,0.42798775,64,0.0066873087
/home/celia/jfreechart/src/test/java/org/jfree/chart/axis/CategoryAxisTest.java,CategoryAxisTest.java,185,76,0.4108108,5,0.08216216
/home/celia/jfreechart/src/test/java/org/jfree/chart/axis/DateTickMarkPositionTest.java,DateTickMarkPositionTest.java,86,51,0.59302324,3,0.19767441
/home/celia/jfreechart/src/test/java/org/jfree/chart/axis/SubCategoryAxisTest.java,SubCategoryAxisTest.java,142,62,0.43661973,5,0.08732395
/home/celia/jfreechart/src/test/java/org/jfree/chart/axis/PeriodAxisLabelInfoTest.java,PeriodAxisLabelInfoTest.java,176,58,0.32954547,5,0.065909095
/home/celia/jfreechart/src/test/java/org/jfree/chart/axis/DateTickUnitTest.java,DateTickUnitTest.java,80,52,0.65,3,0.21666665
/home/celia/jfreechart/src/test/java/org/jfree/chart/axis/CategoryAxis3DTest.java,CategoryAxis3DTest.java,69,48,0.6956522,2,0.3478261
/home/celia/jfreechart/src/test/java/org/jfree/chart/axis/MarkerAxisBandTest.java,MarkerAxisBandTest.java,105,52,0.4952381,3,0.16507937
/home/celia/jfreechart/src/test/java/org/jfree/chart/axis/PeriodAxisTest.java,PeriodAxisTest.java,264,83,0.31439394,8,0.039299242
/home/celia/jfreechart/src/test/java/org/jfree/chart/axis/CategoryLabelWidthTypeTest.java,CategoryLabelWidthTypeTest.java,81,51,0.6296296,3,0.20987654
/home/celia/jfreechart/src/test/java/org/jfree/chart/axis/ExtendedCategoryAxisTest.java,ExtendedCategoryAxisTest.java,144,62,0.43055555,5,0.08611111
/home/celia/jfreechart/src/test/java/org/jfree/chart/axis/NumberAxisTest.java,NumberAxisTest.java,365,146,0.4,12,0.033333335
/home/celia/jfreechart/src/test/java/org/jfree/chart/axis/CategoryLabelPositionTest.java,CategoryLabelPositionTest.java,139,52,0.37410071,3,0.12470024
/home/celia/jfreechart/src/test/java/org/jfree/chart/axis/MonthDateFormatTest.java,MonthDateFormatTest.java,135,59,0.43703705,4,0.10925926
/home/celia/jfreechart/src/test/java/org/jfree/chart/axis/CategoryLabelPositionsTest.java,CategoryLabelPositionsTest.java,167,52,0.31137726,3,0.10379242
/home/celia/jfreechart/src/test/java/org/jfree/chart/axis/NumberAxis3DTest.java,NumberAxis3DTest.java,57,45,0.7894737,1,0.7894737
/home/celia/jfreechart/src/test/java/org/jfree/chart/axis/NumberTickUnitTest.java,NumberTickUnitTest.java,97,54,0.556701,4,0.13917525
/home/celia/jfreechart/src/test/java/org/jfree/chart/axis/StandardTickUnitSourceTest.java,StandardTickUnitSourceTest.java,67,48,0.7164179,2,0.35820895
/home/celia/jfreechart/src/test/java/org/jfree/chart/axis/LogAxisTest.java,LogAxisTest.java,260,85,0.32692307,12,0.02724359
/home/celia/jfreechart/src/test/java/org/jfree/chart/title/CompositeTitleTest.java,CompositeTitleTest.java,148,62,0.4189189,5,0.08378378
/home/celia/jfreechart/src/test/java/org/jfree/chart/title/ShortTextTitleTest.java,ShortTextTitleTest.java,95,54,0.56842107,4,0.14210527
/home/celia/jfreechart/src/test/java/org/jfree/chart/title/PaintScaleLegendTest.java,PaintScaleLegendTest.java,160,65,0.40625,4,0.1015625
/home/celia/jfreechart/src/test/java/org/jfree/chart/title/LegendGraphicTest.java,LegendGraphicTest.java,201,73,0.3631841,5,0.07263682
/home/celia/jfreechart/src/test/java/org/jfree/chart/title/DateTitleTest.java,DateTitleTest.java,110,54,0.4909091,4,0.122727275
/home/celia/jfreechart/src/test/java/org/jfree/chart/title/TextTitleTest.java,TextTitleTest.java,145,63,0.43448275,4,0.10862069
/home/celia/jfreechart/src/test/java/org/jfree/chart/title/LegendTitleTest.java,LegendTitleTest.java,142,56,0.3943662,4,0.09859155
/home/celia/jfreechart/src/test/java/org/jfree/chart/title/ImageTitleTest.java,ImageTitleTest.java,129,64,0.49612403,6,0.08268734
/home/celia/jfreechart/src/test/java/org/jfree/chart/title/TitleTest.java,TitleTest.java,91,50,0.5494506,2,0.2747253
/home/celia/jfreechart/src/test/java/org/jfree/chart/BarChartTest.java,BarChartTest.java,189,85,0.44973546,7,0.06424792
/home/celia/jfreechart/src/test/java/org/jfree/chart/LegendItemTest.java,LegendItemTest.java,325,66,0.20307693,4,0.050769232
/home/celia/jfreechart/src/test/java/org/jfree/chart/urls/CustomCategoryURLGeneratorTest.java,CustomCategoryURLGeneratorTest.java,147,62,0.4217687,5,0.08435374
/home/celia/jfreechart/src/test/java/org/jfree/chart/urls/StandardPieURLGeneratorTest.java,StandardPieURLGeneratorTest.java,121,59,0.4876033,4,0.12190083
/home/celia/jfreechart/src/test/java/org/jfree/chart/urls/CustomXYURLGeneratorTest.java,CustomXYURLGeneratorTest.java,150,65,0.43333334,5,0.086666666
/home/celia/jfreechart/src/test/java/org/jfree/chart/urls/StandardCategoryURLGeneratorTest.java,StandardCategoryURLGeneratorTest.java,114,57,0.5,4,0.125
/home/celia/jfreechart/src/test/java/org/jfree/chart/urls/StandardXYURLGeneratorTest.java,StandardXYURLGeneratorTest.java,70,50,0.71428573,2,0.35714287
/home/celia/jfreechart/src/test/java/org/jfree/chart/urls/TimeSeriesURLGeneratorTest.java,TimeSeriesURLGeneratorTest.java,124,56,0.4516129,4,0.11290322
/home/celia/jfreechart/src/test/java/org/jfree/chart/urls/CustomPieURLGeneratorTest.java,CustomPieURLGeneratorTest.java,109,59,0.5412844,4,0.1353211
/home/celia/jfreechart/src/test/java/org/jfree/chart/XYBarChartTest.java,XYBarChartTest.java,161,75,0.46583852,6,0.07763975
/home/celia/jfreechart/src/test/java/org/jfree/chart/plot/FastScatterPlotTest.java,FastScatterPlotTest.java,207,72,0.3478261,7,0.049689442
/home/celia/jfreechart/src/test/java/org/jfree/chart/plot/IntervalMarkerTest.java,IntervalMarkerTest.java,137,63,0.459854,6,0.076642334
/home/celia/jfreechart/src/test/java/org/jfree/chart/plot/PlotTest.java,PlotTest.java,157,62,0.39490446,1,0.39490446
/home/celia/jfreechart/src/test/java/org/jfree/chart/plot/ValueMarkerTest.java,ValueMarkerTest.java,212,70,0.3301887,7,0.047169812
/home/celia/jfreechart/src/test/java/org/jfree/chart/plot/CombinedRangeCategoryPlotTest.java,CombinedRangeCategoryPlotTest.java,246,86,0.3495935,9,0.03884372
/home/celia/jfreechart/src/test/java/org/jfree/chart/plot/CategoryMarkerTest.java,CategoryMarkerTest.java,180,69,0.38333333,6,0.063888885
/home/celia/jfreechart/src/test/java/org/jfree/chart/plot/CompassPlotTest.java,CompassPlotTest.java,126,58,0.46031746,3,0.15343915
/home/celia/jfreechart/src/test/java/org/jfree/chart/plot/CombinedRangeXYPlotTest.java,CombinedRangeXYPlotTest.java,245,88,0.35918367,9,0.039909296
/home/celia/jfreechart/src/test/java/org/jfree/chart/plot/RingPlotTest.java,RingPlotTest.java,147,59,0.40136054,3,0.13378684
/home/celia/jfreechart/src/test/java/org/jfree/chart/plot/ColorPaletteTest.java,ColorPaletteTest.java,67,48,0.7164179,2,0.35820895
/home/celia/jfreechart/src/test/java/org/jfree/chart/plot/MyPlotChangeListener.java,MyPlotChangeListener.java,79,60,0.75949365,4,0.18987341
/home/celia/jfreechart/src/test/java/org/jfree/chart/plot/PiePlotTest.java,PiePlotTest.java,630,138,0.21904762,17,0.012885154
/home/celia/jfreechart/src/test/java/org/jfree/chart/plot/dial/StandardDialFrameTest.java,StandardDialFrameTest.java,129,61,0.4728682,4,0.11821705
/home/celia/jfreechart/src/test/java/org/jfree/chart/plot/dial/AbstractDialLayerTest.java,AbstractDialLayerTest.java,96,56,0.5833333,3,0.19444443
/home/celia/jfreechart/src/test/java/org/jfree/chart/plot/dial/DialBackgroundTest.java,DialBackgroundTest.java,139,62,0.44604316,4,0.11151079
/home/celia/jfreechart/src/test/java/org/jfree/chart/plot/dial/DialPlotTest.java,DialPlotTest.java,255,81,0.31764707,10,0.03176471
/home/celia/jfreechart/src/test/java/org/jfree/chart/plot/dial/DialCapTest.java,DialCapTest.java,149,64,0.4295302,4,0.10738255
/home/celia/jfreechart/src/test/java/org/jfree/chart/plot/dial/StandardDialRangeTest.java,StandardDialRangeTest.java,120,59,0.49166667,4,0.12291667
/home/celia/jfreechart/src/test/java/org/jfree/chart/plot/dial/MyDialLayerChangeListener.java,MyDialLayerChangeListener.java,58,50,0.86206895,2,0.43103448
/home/celia/jfreechart/src/test/java/org/jfree/chart/plot/dial/DialValueIndicatorTest.java,DialValueIndicatorTest.java,182,71,0.3901099,4,0.097527474
/home/celia/jfreechart/src/test/java/org/jfree/chart/plot/dial/ArcDialFrameTest.java,ArcDialFrameTest.java,144,64,0.44444445,4,0.11111111
/home/celia/jfreechart/src/test/java/org/jfree/chart/plot/dial/DialPointerTest.java,DialPointerTest.java,154,68,0.44155845,7,0.06307978
/home/celia/jfreechart/src/test/java/org/jfree/chart/plot/dial/StandardDialScaleTest.java,StandardDialScaleTest.java,238,82,0.34453782,6,0.05742297
/home/celia/jfreechart/src/test/java/org/jfree/chart/plot/dial/DialTextAnnotationTest.java,DialTextAnnotationTest.java,138,64,0.46376812,4,0.11594203
/home/celia/jfreechart/src/test/java/org/jfree/chart/plot/XYPlotTest.java,XYPlotTest.java,1215,260,0.21399178,45,0.0047553726
/home/celia/jfreechart/src/test/java/org/jfree/chart/plot/MultiplePiePlotTest.java,MultiplePiePlotTest.java,184,73,0.39673913,6,0.06612319
/home/celia/jfreechart/src/test/java/org/jfree/chart/plot/SpiderWebPlotTest.java,SpiderWebPlotTest.java,319,91,0.28526646,5,0.05705329
/home/celia/jfreechart/src/test/java/org/jfree/chart/plot/ContourPlotTest.java,ContourPlotTest.java,57,45,0.7894737,1,0.7894737
/home/celia/jfreechart/src/test/java/org/jfree/chart/plot/CrosshairTest.java,CrosshairTest.java,170,57,0.33529413,5,0.067058824
/home/celia/jfreechart/src/test/java/org/jfree/chart/plot/CategoryPlotTest.java,CategoryPlotTest.java,1117,223,0.1996419,37,0.0053957268
/home/celia/jfreechart/src/test/java/org/jfree/chart/plot/PlotRenderingInfoTest.java,PlotRenderingInfoTest.java,109,52,0.47706422,3,0.1590214
/home/celia/jfreechart/src/test/java/org/jfree/chart/plot/CombinedDomainCategoryPlotTest.java,CombinedDomainCategoryPlotTest.java,252,87,0.3452381,9,0.038359787
/home/celia/jfreechart/src/test/java/org/jfree/chart/plot/ThermometerPlotTest.java,ThermometerPlotTest.java,196,73,0.37244898,5,0.074489795
/home/celia/jfreechart/src/test/java/org/jfree/chart/plot/DefaultDrawingSupplierTest.java,DefaultDrawingSupplierTest.java,175,62,0.35428572,3,0.11809524
/home/celia/jfreechart/src/test/java/org/jfree/chart/plot/CombinedDomainXYPlotTest.java,CombinedDomainXYPlotTest.java,253,91,0.35968378,10,0.03596838
/home/celia/jfreechart/src/test/java/org/jfree/chart/plot/MarkerTest.java,MarkerTest.java,373,126,0.3378016,15,0.022520106
/home/celia/jfreechart/src/test/java/org/jfree/chart/plot/MeterIntervalTest.java,MeterIntervalTest.java,96,51,0.53125,3,0.17708333
/home/celia/jfreechart/src/test/java/org/jfree/chart/plot/PiePlot3DTest.java,PiePlot3DTest.java,106,54,0.509434,3,0.16981132
/home/celia/jfreechart/src/test/java/org/jfree/chart/plot/PlotOrientationTest.java,PlotOrientationTest.java,76,49,0.6447368,2,0.3223684
/home/celia/jfreechart/src/test/java/org/jfree/chart/plot/PolarPlotTest.java,PolarPlotTest.java,326,65,0.1993865,8,0.024923313
/home/celia/jfreechart/src/test/java/org/jfree/chart/plot/PieLabelRecordTest.java,PieLabelRecordTest.java,110,51,0.46363637,3,0.15454546
/home/celia/jfreechart/src/test/java/org/jfree/chart/plot/MeterPlotTest.java,MeterPlotTest.java,220,79,0.3590909,4,0.08977272
/home/celia/jfreechart/src/test/java/org/jfree/chart/block/RectangleConstraintTest.java,RectangleConstraintTest.java,123,54,0.4390244,1,0.4390244
/home/celia/jfreechart/src/test/java/org/jfree/chart/block/FlowArrangementTest.java,FlowArrangementTest.java,106,51,0.4811321,3,0.16037737
/home/celia/jfreechart/src/test/java/org/jfree/chart/block/GridArrangementTest.java,GridArrangementTest.java,276,97,0.35144928,19,0.018497331
/home/celia/jfreechart/src/test/java/org/jfree/chart/block/EmptyBlockTest.java,EmptyBlockTest.java,95,51,0.5368421,3,0.17894737
/home/celia/jfreechart/src/test/java/org/jfree/chart/block/BlockBorderTest.java,BlockBorderTest.java,100,54,0.54,3,0.18
/home/celia/jfreechart/src/test/java/org/jfree/chart/block/ColumnArrangementTest.java,ColumnArrangementTest.java,106,51,0.4811321,3,0.16037737
/home/celia/jfreechart/src/test/java/org/jfree/chart/block/AbstractBlockTest.java,AbstractBlockTest.java,132,51,0.38636363,3,0.12878788
/home/celia/jfreechart/src/test/java/org/jfree/chart/block/LabelBlockTest.java,LabelBlockTest.java,127,53,0.41732284,3,0.13910761
/home/celia/jfreechart/src/test/java/org/jfree/chart/block/BorderArrangementTest.java,BorderArrangementTest.java,717,193,0.26917714,6,0.044862855
/home/celia/jfreechart/src/test/java/org/jfree/chart/block/BlockContainerTest.java,BlockContainerTest.java,90,51,0.56666666,3,0.18888889
/home/celia/jfreechart/src/test/java/org/jfree/chart/block/ColorBlockTest.java,ColorBlockTest.java,113,52,0.460177,3,0.15339233
/home/celia/jfreechart/src/test/java/org/jfree/chart/block/LineBorderTest.java,LineBorderTest.java,103,51,0.49514562,3,0.16504854
/home/celia/jfreechart/src/test/java/org/jfree/chart/XYLineChartTest.java,XYLineChartTest.java,158,75,0.47468355,6,0.07911392
/home/celia/jfreechart/src/test/java/org/jfree/chart/XYAreaChartTest.java,XYAreaChartTest.java,158,75,0.47468355,6,0.07911392
/home/celia/jfreechart/src/test/java/org/jfree/chart/panel/CrosshairOverlayTest.java,CrosshairOverlayTest.java,92,51,0.5543478,3,0.18478261
/home/celia/jfreechart/src/test/java/org/jfree/chart/ScatterPlotTest.java,ScatterPlotTest.java,159,76,0.4779874,6,0.079664566
/home/celia/jfreechart/src/test/java/org/jfree/chart/PieChartTest.java,PieChartTest.java,107,70,0.6542056,4,0.1635514
/home/celia/jfreechart/src/test/java/org/jfree/chart/StandardChartThemeTest.java,StandardChartThemeTest.java,245,80,0.3265306,3,0.108843535
/home/celia/jfreechart/src/test/java/org/jfree/chart/LegendItemCollectionTest.java,LegendItemCollectionTest.java,108,52,0.4814815,3,0.16049384
/home/celia/jfreechart/src/test/java/org/jfree/chart/imagemap/StandardURLTagFragmentGeneratorTest.java,StandardURLTagFragmentGeneratorTest.java,60,47,0.78333336,1,0.78333336
/home/celia/jfreechart/src/test/java/org/jfree/chart/imagemap/StandardToolTipTagFragmentGeneratorTest.java,StandardToolTipTagFragmentGeneratorTest.java,59,45,0.7627119,1,0.7627119
/home/celia/jfreechart/src/test/java/org/jfree/chart/imagemap/OverLIBToolTipTagFragmentGeneratorTest.java,OverLIBToolTipTagFragmentGeneratorTest.java,61,45,0.73770493,1,0.73770493
/home/celia/jfreechart/src/test/java/org/jfree/chart/imagemap/ImageMapUtilitiesTest.java,ImageMapUtilitiesTest.java,73,48,0.65753424,2,0.32876712
/home/celia/jfreechart/src/test/java/org/jfree/chart/imagemap/DynamicDriveToolTipTagFragmentGeneratorTest.java,DynamicDriveToolTipTagFragmentGeneratorTest.java,61,45,0.73770493,1,0.73770493
/home/celia/jfreechart/src/test/java/org/jfree/chart/TestUtilities.java,TestUtilities.java,92,51,0.5543478,4,0.13858695
/home/celia/jfreechart/src/test/java/org/jfree/chart/LineChartTest.java,LineChartTest.java,172,80,0.4651163,7,0.06644519
/home/celia/jfreechart/src/test/java/org/jfree/chart/StrokeMapTest.java,StrokeMapTest.java,146,62,0.42465752,6,0.070776254
/home/celia/jfreechart/src/test/java/org/jfree/chart/StackedBarChartTest.java,StackedBarChartTest.java,187,85,0.45454547,7,0.064935066
/home/celia/jfreechart/src/test/java/org/jfree/chart/MeterChartTest.java,MeterChartTest.java,69,47,0.68115944,1,0.68115944
/home/celia/jfreechart/src/test/java/org/jfree/chart/LineChart3DTest.java,LineChart3DTest.java,172,80,0.4651163,7,0.06644519
/home/celia/jfreechart/src/test/java/org/jfree/chart/WaterfallChartTest.java,WaterfallChartTest.java,138,65,0.4710145,5,0.0942029
/home/celia/jfreechart/src/test/java/org/jfree/chart/labels/CustomXYItemLabelGeneratorTest.java,CustomXYItemLabelGeneratorTest.java,92,53,0.57608694,3,0.19202898
/home/celia/jfreechart/src/test/java/org/jfree/chart/labels/BoxAndWhiskerXYToolTipGeneratorTest.java,BoxAndWhiskerXYToolTipGeneratorTest.java,140,64,0.45714286,5,0.09142857
/home/celia/jfreechart/src/test/java/org/jfree/chart/labels/StandardCategorySeriesLabelGeneratorTest.java,StandardCategorySeriesLabelGeneratorTest.java,129,61,0.4728682,6,0.07881137
/home/celia/jfreechart/src/test/java/org/jfree/chart/labels/ItemLabelAnchorTest.java,ItemLabelAnchorTest.java,66,48,0.72727275,2,0.36363637
/home/celia/jfreechart/src/test/java/org/jfree/chart/labels/StandardCategoryItemLabelGeneratorTest.java,StandardCategoryItemLabelGeneratorTest.java,167,67,0.4011976,7,0.057313945
/home/celia/jfreechart/src/test/java/org/jfree/chart/labels/StandardPieToolTipGeneratorTest.java,StandardPieToolTipGeneratorTest.java,142,64,0.45070422,5,0.09014084
/home/celia/jfreechart/src/test/java/org/jfree/chart/labels/MultipleXYSeriesLabelGeneratorTest.java,MultipleXYSeriesLabelGeneratorTest.java,125,59,0.472,5,0.0944
/home/celia/jfreechart/src/test/java/org/jfree/chart/labels/StandardXYToolTipGeneratorTest.java,StandardXYToolTipGeneratorTest.java,144,59,0.4097222,5,0.08194444
/home/celia/jfreechart/src/test/java/org/jfree/chart/labels/StandardXYZToolTipGeneratorTest.java,StandardXYZToolTipGeneratorTest.java,162,66,0.4074074,5,0.08148148
/home/celia/jfreechart/src/test/java/org/jfree/chart/labels/IntervalCategoryItemLabelGeneratorTest.java,IntervalCategoryItemLabelGeneratorTest.java,125,59,0.472,5,0.0944
/home/celia/jfreechart/src/test/java/org/jfree/chart/labels/StandardXYItemLabelGeneratorTest.java,StandardXYItemLabelGeneratorTest.java,173,65,0.37572256,5,0.075144514
/home/celia/jfreechart/src/test/java/org/jfree/chart/labels/HighLowItemLabelGeneratorTest.java,HighLowItemLabelGeneratorTest.java,116,58,0.5,5,0.1
/home/celia/jfreechart/src/test/java/org/jfree/chart/labels/IntervalCategoryToolTipGeneratorTest.java,IntervalCategoryToolTipGeneratorTest.java,139,61,0.4388489,6,0.073141485
/home/celia/jfreechart/src/test/java/org/jfree/chart/labels/StandardPieSectionLabelGeneratorTest.java,StandardPieSectionLabelGeneratorTest.java,148,61,0.41216215,5,0.082432434
/home/celia/jfreechart/src/test/java/org/jfree/chart/labels/StandardXYSeriesLabelGeneratorTest.java,StandardXYSeriesLabelGeneratorTest.java,128,61,0.4765625,6,0.079427086
/home/celia/jfreechart/src/test/java/org/jfree/chart/labels/BubbleXYItemLabelGeneratorTest.java,BubbleXYItemLabelGeneratorTest.java,173,64,0.3699422,6,0.06165703
/home/celia/jfreechart/src/test/java/org/jfree/chart/labels/ItemLabelPositionTest.java,ItemLabelPositionTest.java,67,49,0.73134327,2,0.36567163
/home/celia/jfreechart/src/test/java/org/jfree/chart/labels/StandardContourToolTipGeneratorTest.java,StandardContourToolTipGeneratorTest.java,59,45,0.7627119,1,0.7627119
/home/celia/jfreechart/src/test/java/org/jfree/chart/labels/BoxAndWhiskerToolTipGeneratorTest.java,BoxAndWhiskerToolTipGeneratorTest.java,118,61,0.5169492,5,0.10338984
/home/celia/jfreechart/src/test/java/org/jfree/chart/labels/StandardCategoryToolTipGeneratorTest.java,StandardCategoryToolTipGeneratorTest.java,146,63,0.43150684,6,0.07191781
/home/celia/jfreechart/src/test/java/org/jfree/chart/labels/SymbolicXYItemLabelGeneratorTest.java,SymbolicXYItemLabelGeneratorTest.java,103,58,0.5631068,5,0.11262135
/home/celia/jfreechart/src/test/java/org/jfree/chart/util/LineUtilitiesTest.java,LineUtilitiesTest.java,104,42,0.40384614,5,0.080769226
/home/celia/jfreechart/src/test/java/org/jfree/chart/util/LogFormatTest.java,LogFormatTest.java,106,55,0.5188679,4,0.12971698
/home/celia/jfreechart/src/test/java/org/jfree/chart/util/RelativeDateFormatTest.java,RelativeDateFormatTest.java,196,71,0.3622449,8,0.045280613
/home/celia/jfreechart/src/test/java/org/jfree/chart/util/HMSNumberFormatTest.java,HMSNumberFormatTest.java,57,42,0.7368421,1,0.7368421
/home/celia/jfreechart/src/test/java/org/jfree/chart/XYStepAreaChartTest.java,XYStepAreaChartTest.java,158,75,0.47468355,6,0.07911392
/home/celia/jfreechart/src/test/java/org/jfree/chart/GanttChartTest.java,GanttChartTest.java,277,96,0.3465704,10,0.03465704
/home/celia/jfreechart/src/test/java/org/jfree/chart/StackedAreaChartTest.java,StackedAreaChartTest.java,182,80,0.43956044,7,0.06279435
/home/celia/jfreechart/src/test/java/org/jfree/chart/AreaChartTest.java,AreaChartTest.java,176,77,0.4375,7,0.0625
/home/celia/jfreechart/src/test/java/org/jfree/chart/ChartRenderingInfoTest.java,ChartRenderingInfoTest.java,123,56,0.45528457,4,0.11382114
/home/celia/jfreechart/src/test/java/org/jfree/chart/HashUtilitiesTest.java,HashUtilitiesTest.java,62,45,0.7258065,1,0.7258065
/home/celia/jfreechart/src/test/java/org/jfree/chart/needle/PointerNeedleTest.java,PointerNeedleTest.java,78,51,0.65384614,3,0.21794872
/home/celia/jfreechart/src/test/java/org/jfree/chart/needle/PinNeedleTest.java,PinNeedleTest.java,78,51,0.65384614,3,0.21794872
/home/celia/jfreechart/src/test/java/org/jfree/chart/needle/MeterNeedleTest.java,MeterNeedleTest.java,90,45,0.5,1,0.5
/home/celia/jfreechart/src/test/java/org/jfree/chart/needle/LineNeedleTest.java,LineNeedleTest.java,78,51,0.65384614,3,0.21794872
/home/celia/jfreechart/src/test/java/org/jfree/chart/needle/WindNeedleTest.java,WindNeedleTest.java,78,51,0.65384614,3,0.21794872
/home/celia/jfreechart/src/test/java/org/jfree/chart/needle/MiddlePinNeedleTest.java,MiddlePinNeedleTest.java,78,51,0.65384614,3,0.21794872
/home/celia/jfreechart/src/test/java/org/jfree/chart/needle/PlumNeedleTest.java,PlumNeedleTest.java,78,51,0.65384614,3,0.21794872
/home/celia/jfreechart/src/test/java/org/jfree/chart/needle/ArrowNeedleTest.java,ArrowNeedleTest.java,83,51,0.61445785,3,0.20481928
/home/celia/jfreechart/src/test/java/org/jfree/chart/needle/ShipNeedleTest.java,ShipNeedleTest.java,78,51,0.65384614,3,0.21794872
/home/celia/jfreechart/src/test/java/org/jfree/chart/needle/LongNeedleTest.java,LongNeedleTest.java,78,51,0.65384614,3,0.21794872
/home/celia/jfreechart/src/test/java/org/jfree/chart/BarChart3DTest.java,BarChart3DTest.java,181,82,0.45303866,7,0.06471981
/home/celia/jfreechart/src/test/java/org/jfree/chart/entity/ContourEntityTest.java,ContourEntityTest.java,102,51,0.5,3,0.16666667
/home/celia/jfreechart/src/test/java/org/jfree/chart/entity/StandardEntityCollectionTest.java,StandardEntityCollectionTest.java,105,52,0.4952381,3,0.16507937
/home/celia/jfreechart/src/test/java/org/jfree/chart/entity/XYItemEntityTest.java,XYItemEntityTest.java,105,51,0.4857143,3,0.16190477
/home/celia/jfreechart/src/test/java/org/jfree/chart/entity/TickLabelEntityTest.java,TickLabelEntityTest.java,96,51,0.53125,3,0.17708333
/home/celia/jfreechart/src/test/java/org/jfree/chart/entity/CategoryLabelEntityTest.java,CategoryLabelEntityTest.java,102,51,0.5,3,0.16666667
/home/celia/jfreechart/src/test/java/org/jfree/chart/entity/CategoryItemEntityTest.java,CategoryItemEntityTest.java,124,51,0.41129032,3,0.13709678
/home/celia/jfreechart/src/test/java/org/jfree/chart/entity/PieSectionEntityTest.java,PieSectionEntityTest.java,117,51,0.43589744,3,0.14529915
/home/celia/jfreechart/src/test/java/org/jfree/chart/entity/LegendItemEntityTest.java,LegendItemEntityTest.java,110,52,0.47272727,3,0.15757576
/home/celia/jfreechart/src/main/java/org/jfree/data/xy/MatrixSeriesCollection.java,MatrixSeriesCollection.java,287,177,0.6167247,24,0.025696864
/home/celia/jfreechart/src/main/java/org/jfree/data/xy/XIntervalSeries.java,XIntervalSeries.java,161,122,0.757764,8,0.0947205
/home/celia/jfreechart/src/main/java/org/jfree/data/xy/XYBarDataset.java,XYBarDataset.java,371,248,0.6684636,29,0.023050468
/home/celia/jfreechart/src/main/java/org/jfree/data/xy/XisSymbolic.java,XisSymbolic.java,72,66,0.9166667,1,0.9166667
/home/celia/jfreechart/src/main/java/org/jfree/data/xy/IntervalXYDelegate.java,IntervalXYDelegate.java,455,274,0.6021978,40,0.015054946
/home/celia/jfreechart/src/main/java/org/jfree/data/xy/DefaultOHLCDataset.java,DefaultOHLCDataset.java,329,202,0.6139818,29,0.021171786
/home/celia/jfreechart/src/main/java/org/jfree/data/xy/YIntervalSeriesCollection.java,YIntervalSeriesCollection.java,339,216,0.63716817,26,0.024506468
/home/celia/jfreechart/src/main/java/org/jfree/data/xy/DefaultXYZDataset.java,DefaultXYZDataset.java,419,255,0.6085919,33,0.01844218
/home/celia/jfreechart/src/main/java/org/jfree/data/xy/XYRangeInfo.java,XYRangeInfo.java,63,56,0.8888889,1,0.8888889
/home/celia/jfreechart/src/main/java/org/jfree/data/xy/DefaultWindDataset.java,DefaultWindDataset.java,407,224,0.55036855,39,0.014112014
/home/celia/jfreechart/src/main/java/org/jfree/data/xy/XYItemKey.java,XYItemKey.java,143,74,0.5174825,13,0.039806347
/home/celia/jfreechart/src/main/java/org/jfree/data/xy/XYIntervalSeries.java,XYIntervalSeries.java,194,146,0.7525773,9,0.0836197
/home/celia/jfreechart/src/main/java/org/jfree/data/xy/OHLCDataset.java,OHLCDataset.java,149,136,0.9127517,1,0.9127517
/home/celia/jfreechart/src/main/java/org/jfree/data/xy/XYDomainInfo.java,XYDomainInfo.java,62,55,0.88709676,1,0.88709676
/home/celia/jfreechart/src/main/java/org/jfree/data/xy/DefaultTableXYDataset.java,DefaultTableXYDataset.java,613,315,0.51386625,66,0.007785852
/home/celia/jfreechart/src/main/java/org/jfree/data/xy/IntervalXYDataset.java,IntervalXYDataset.java,144,133,0.9236111,1,0.9236111
/home/celia/jfreechart/src/main/java/org/jfree/data/xy/DefaultHighLowDataset.java,DefaultHighLowDataset.java,411,260,0.6326034,33,0.0191698
/home/celia/jfreechart/src/main/java/org/jfree/data/xy/XIntervalSeriesCollection.java,XIntervalSeriesCollection.java,341,214,0.627566,26,0.024137152
/home/celia/jfreechart/src/main/java/org/jfree/data/xy/CategoryTableXYDataset.java,CategoryTableXYDataset.java,396,255,0.6439394,33,0.019513315
/home/celia/jfreechart/src/main/java/org/jfree/data/xy/XYCoordinate.java,XYCoordinate.java,162,92,0.56790125,15,0.037860084
/home/celia/jfreechart/src/main/java/org/jfree/data/xy/XYDataItem.java,XYDataItem.java,251,152,0.6055777,21,0.028837034
/home/celia/jfreechart/src/main/java/org/jfree/data/xy/AbstractXYDataset.java,AbstractXYDataset.java,95,67,0.70526314,5,0.14105263
/home/celia/jfreechart/src/main/java/org/jfree/data/xy/OHLCDataItem.java,OHLCDataItem.java,188,115,0.61170214,16,0.038231384
/home/celia/jfreechart/src/main/java/org/jfree/data/xy/Vector.java,Vector.java,135,88,0.65185183,11,0.05925926
/home/celia/jfreechart/src/main/java/org/jfree/data/xy/XYSeriesCollection.java,XYSeriesCollection.java,713,354,0.4964937,79,0.0062847305
/home/celia/jfreechart/src/main/java/org/jfree/data/xy/XYZDataset.java,XYZDataset.java,67,62,0.92537314,1,0.92537314
/home/celia/jfreechart/src/main/java/org/jfree/data/xy/YInterval.java,YInterval.java,118,79,0.6694915,10,0.06694915
/home/celia/jfreechart/src/main/java/org/jfree/data/xy/XYDatasetTableModel.java,XYDatasetTableModel.java,241,169,0.70124483,17,0.041249696
/home/celia/jfreechart/src/main/java/org/jfree/data/xy/MatrixSeries.java,MatrixSeries.java,210,136,0.64761907,20,0.032380953
/home/celia/jfreechart/src/main/java/org/jfree/data/xy/YIntervalSeries.java,YIntervalSeries.java,163,124,0.76073617,8,0.09509202
/home/celia/jfreechart/src/main/java/org/jfree/data/xy/NormalizedMatrixSeries.java,NormalizedMatrixSeries.java,136,103,0.75735295,6,0.12622549
/home/celia/jfreechart/src/main/java/org/jfree/data/xy/YisSymbolic.java,YisSymbolic.java,74,68,0.9189189,1,0.9189189
/home/celia/jfreechart/src/main/java/org/jfree/data/xy/AbstractIntervalXYDataset.java,AbstractIntervalXYDataset.java,122,82,0.6721311,8,0.08401639
/home/celia/jfreechart/src/main/java/org/jfree/data/xy/VectorDataItem.java,VectorDataItem.java,117,81,0.6923077,8,0.086538464
/home/celia/jfreechart/src/main/java/org/jfree/data/xy/YIntervalDataItem.java,YIntervalDataItem.java,109,72,0.6605505,8,0.08256881
/home/celia/jfreechart/src/main/java/org/jfree/data/xy/WindDataset.java,WindDataset.java,72,67,0.9305556,1,0.9305556
/home/celia/jfreechart/src/main/java/org/jfree/data/xy/DefaultXYDataset.java,DefaultXYDataset.java,365,219,0.6,30,0.020000001
/home/celia/jfreechart/src/main/java/org/jfree/data/xy/XYIntervalSeriesCollection.java,XYIntervalSeriesCollection.java,368,234,0.63586956,29,0.021926537
/home/celia/jfreechart/src/main/java/org/jfree/data/xy/XYInterval.java,XYInterval.java,149,94,0.6308725,13,0.048528653
/home/celia/jfreechart/src/main/java/org/jfree/data/xy/DefaultIntervalXYDataset.java,DefaultIntervalXYDataset.java,542,340,0.6273063,38,0.01650806
/home/celia/jfreechart/src/main/java/org/jfree/data/xy/VectorXYDataset.java,VectorXYDataset.java,83,77,0.92771083,1,0.92771083
/home/celia/jfreechart/src/main/java/org/jfree/data/xy/XIntervalDataItem.java,XIntervalDataItem.java,109,72,0.6605505,8,0.08256881
/home/celia/jfreechart/src/main/java/org/jfree/data/xy/XYSeries.java,XYSeries.java,943,522,0.5535525,93,0.0059521776
/home/celia/jfreechart/src/main/java/org/jfree/data/xy/VectorSeries.java,VectorSeries.java,173,128,0.7398844,9,0.08220938
/home/celia/jfreechart/src/main/java/org/jfree/data/xy/YWithXInterval.java,YWithXInterval.java,122,83,0.6803279,10,0.068032786
/home/celia/jfreechart/src/main/java/org/jfree/data/xy/VectorSeriesCollection.java,VectorSeriesCollection.java,310,196,0.63225806,23,0.027489481
/home/celia/jfreechart/src/main/java/org/jfree/data/xy/XYIntervalDataItem.java,XYIntervalDataItem.java,140,84,0.6,11,0.05454546
/home/celia/jfreechart/src/main/java/org/jfree/data/xy/TableXYDataset.java,TableXYDataset.java,57,53,0.9298246,1,0.9298246
/home/celia/jfreechart/src/main/java/org/jfree/data/xy/IntervalXYZDataset.java,IntervalXYZDataset.java,100,91,0.91,1,0.91
/home/celia/jfreechart/src/main/java/org/jfree/data/xy/XYDataset.java,XYDataset.java,119,108,0.90756303,1,0.90756303
/home/celia/jfreechart/src/main/java/org/jfree/data/xy/AbstractXYZDataset.java,AbstractXYZDataset.java,65,52,0.8,2,0.4
/home/celia/jfreechart/src/main/java/org/jfree/data/ItemKey.java,ItemKey.java,53,49,0.9245283,1,0.9245283
/home/celia/jfreechart/src/main/java/org/jfree/data/KeyedValues.java,KeyedValues.java,97,89,0.91752577,1,0.91752577
/home/celia/jfreechart/src/main/java/org/jfree/data/ComparableObjectSeries.java,ComparableObjectSeries.java,420,220,0.52380955,46,0.011387164
/home/celia/jfreechart/src/main/java/org/jfree/data/jdbc/JDBCPieDataset.java,JDBCPieDataset.java,227,122,0.53744495,11,0.04885863
/home/celia/jfreechart/src/main/java/org/jfree/data/jdbc/JDBCXYDataset.java,JDBCXYDataset.java,542,270,0.49815497,42,0.011860833
/home/celia/jfreechart/src/main/java/org/jfree/data/jdbc/JDBCCategoryDataset.java,JDBCCategoryDataset.java,293,154,0.5255973,16,0.03284983
/home/celia/jfreechart/src/main/java/org/jfree/data/RangeType.java,RangeType.java,127,82,0.6456693,9,0.07174103
/home/celia/jfreechart/src/main/java/org/jfree/data/KeyedValueComparatorType.java,KeyedValueComparatorType.java,104,73,0.7019231,7,0.10027473
/home/celia/jfreechart/src/main/java/org/jfree/data/gantt/XYTaskDataset.java,XYTaskDataset.java,440,249,0.5659091,42,0.013474026
/home/celia/jfreechart/src/main/java/org/jfree/data/gantt/TaskSeries.java,TaskSeries.java,186,116,0.6236559,16,0.038978495
/home/celia/jfreechart/src/main/java/org/jfree/data/gantt/GanttCategoryDataset.java,GanttCategoryDataset.java,168,151,0.89880955,1,0.89880955
/home/celia/jfreechart/src/main/java/org/jfree/data/gantt/SlidingGanttCategoryDataset.java,SlidingGanttCategoryDataset.java,596,337,0.56543624,49,0.011539515
/home/celia/jfreechart/src/main/java/org/jfree/data/gantt/TaskSeriesCollection.java,TaskSeriesCollection.java,652,334,0.5122699,62,0.008262418
/home/celia/jfreechart/src/main/java/org/jfree/data/gantt/Task.java,Task.java,229,142,0.6200873,21,0.029527968
/home/celia/jfreechart/src/main/java/org/jfree/data/DataUtilities.java,DataUtilities.java,269,142,0.527881,30,0.017596034
/home/celia/jfreechart/src/main/java/org/jfree/data/DomainOrder.java,DomainOrder.java,126,81,0.64285713,9,0.07142857
/home/celia/jfreechart/src/main/java/org/jfree/data/KeyToGroupMap.java,KeyToGroupMap.java,299,136,0.4548495,32,0.014214047
/home/celia/jfreechart/src/main/java/org/jfree/data/general/DatasetChangeListener.java,DatasetChangeListener.java,57,52,0.9122807,1,0.9122807
/home/celia/jfreechart/src/main/java/org/jfree/data/general/SeriesException.java,SeriesException.java,58,51,0.87931037,1,0.87931037
/home/celia/jfreechart/src/main/java/org/jfree/data/general/Dataset.java,Dataset.java,86,79,0.9186047,1,0.9186047
/home/celia/jfreechart/src/main/java/org/jfree/data/general/DefaultHeatMapDataset.java,DefaultHeatMapDataset.java,307,175,0.5700326,31,0.018388148
/home/celia/jfreechart/src/main/java/org/jfree/data/general/KeyedValueDataset.java,KeyedValueDataset.java,47,43,0.9148936,1,0.9148936
/home/celia/jfreechart/src/main/java/org/jfree/data/general/DatasetGroup.java,DatasetGroup.java,111,76,0.6846847,8,0.08558559
/home/celia/jfreechart/src/main/java/org/jfree/data/general/WaferMapDataset.java,WaferMapDataset.java,280,174,0.62142855,29,0.02142857
/home/celia/jfreechart/src/main/java/org/jfree/data/general/PieDataset.java,PieDataset.java,55,51,0.92727274,1,0.92727274
/home/celia/jfreechart/src/main/java/org/jfree/data/general/DatasetChangeEvent.java,DatasetChangeEvent.java,80,69,0.8625,2,0.43125
/home/celia/jfreechart/src/main/java/org/jfree/data/general/KeyedValuesDataset.java,KeyedValuesDataset.java,47,44,0.9361702,1,0.9361702
/home/celia/jfreechart/src/main/java/org/jfree/data/general/SeriesDataset.java,SeriesDataset.java,83,72,0.8674699,1,0.8674699
/home/celia/jfreechart/src/main/java/org/jfree/data/general/Series.java,Series.java,386,248,0.64248705,28,0.022945967
/home/celia/jfreechart/src/main/java/org/jfree/data/general/DefaultKeyedValues2DDataset.java,DefaultKeyedValues2DDataset.java,54,49,0.9074074,1,0.9074074
/home/celia/jfreechart/src/main/java/org/jfree/data/general/CombinationDataset.java,CombinationDataset.java,68,63,0.9264706,1,0.9264706
/home/celia/jfreechart/src/main/java/org/jfree/data/general/HeatMapUtilities.java,HeatMapUtilities.java,124,74,0.5967742,4,0.14919356
/home/celia/jfreechart/src/main/java/org/jfree/data/general/SeriesChangeEvent.java,SeriesChangeEvent.java,58,50,0.86206895,1,0.86206895
/home/celia/jfreechart/src/main/java/org/jfree/data/general/DefaultKeyedValuesDataset.java,DefaultKeyedValuesDataset.java,51,48,0.9411765,1,0.9411765
/home/celia/jfreechart/src/main/java/org/jfree/data/general/DefaultValueDataset.java,DefaultValueDataset.java,128,87,0.6796875,9,0.075520836
/home/celia/jfreechart/src/main/java/org/jfree/data/general/DefaultKeyedValueDataset.java,DefaultKeyedValueDataset.java,181,104,0.5745856,19,0.030241348
/home/celia/jfreechart/src/main/java/org/jfree/data/general/ValueDataset.java,ValueDataset.java,47,43,0.9148936,1,0.9148936
/home/celia/jfreechart/src/main/java/org/jfree/data/general/DatasetUtilities.java,DatasetUtilities.java,2269,853,0.37593654,274,0.0013720312
/home/celia/jfreechart/src/main/java/org/jfree/data/general/HeatMapDataset.java,HeatMapDataset.java,141,128,0.9078014,1,0.9078014
/home/celia/jfreechart/src/main/java/org/jfree/data/general/DefaultPieDataset.java,DefaultPieDataset.java,345,216,0.62608695,30,0.020869564
/home/celia/jfreechart/src/main/java/org/jfree/data/general/AbstractSeriesDataset.java,AbstractSeriesDataset.java,107,81,0.7570093,5,0.15140186
/home/celia/jfreechart/src/main/java/org/jfree/data/general/KeyedValues2DDataset.java,KeyedValues2DDataset.java,50,46,0.92,1,0.92
/home/celia/jfreechart/src/main/java/org/jfree/data/general/SubSeriesDataset.java,SubSeriesDataset.java,432,280,0.6481481,32,0.020254629
/home/celia/jfreechart/src/main/java/org/jfree/data/general/AbstractDataset.java,AbstractDataset.java,281,197,0.7010676,17,0.041239273
/home/celia/jfreechart/src/main/java/org/jfree/data/general/SeriesChangeListener.java,SeriesChangeListener.java,54,49,0.9074074,1,0.9074074
/home/celia/jfreechart/src/main/java/org/jfree/data/general/CombinedDataset.java,CombinedDataset.java,600,348,0.58,53,0.010943396
/home/celia/jfreechart/src/main/java/org/jfree/data/DomainInfo.java,DomainInfo.java,87,81,0.9310345,1,0.9310345
/home/celia/jfreechart/src/main/java/org/jfree/data/DefaultKeyedValues2D.java,DefaultKeyedValues2D.java,535,277,0.517757,53,0.009769
/home/celia/jfreechart/src/main/java/org/jfree/data/xml/KeyHandler.java,KeyHandler.java,141,90,0.63829786,7,0.091185406
/home/celia/jfreechart/src/main/java/org/jfree/data/xml/CategoryDatasetHandler.java,CategoryDatasetHandler.java,125,78,0.624,5,0.124800004
/home/celia/jfreechart/src/main/java/org/jfree/data/xml/ValueHandler.java,ValueHandler.java,147,89,0.60544217,8,0.07568027
/home/celia/jfreechart/src/main/java/org/jfree/data/xml/DatasetReader.java,DatasetReader.java,137,78,0.5693431,1,0.5693431
/home/celia/jfreechart/src/main/java/org/jfree/data/xml/ItemHandler.java,ItemHandler.java,151,91,0.60264903,7,0.08609272
/home/celia/jfreechart/src/main/java/org/jfree/data/xml/CategorySeriesHandler.java,CategorySeriesHandler.java,136,80,0.5882353,6,0.09803922
/home/celia/jfreechart/src/main/java/org/jfree/data/xml/PieDatasetHandler.java,PieDatasetHandler.java,121,77,0.6363636,5,0.12727273
/home/celia/jfreechart/src/main/java/org/jfree/data/xml/DatasetTags.java,DatasetTags.java,57,51,0.8947368,1,0.8947368
/home/celia/jfreechart/src/main/java/org/jfree/data/xml/RootHandler.java,RootHandler.java,114,76,0.6666667,9,0.074074075
/home/celia/jfreechart/src/main/java/org/jfree/data/function/PowerFunction2D.java,PowerFunction2D.java,127,86,0.6771653,9,0.07524059
/home/celia/jfreechart/src/main/java/org/jfree/data/function/Function2D.java,Function2D.java,54,50,0.9259259,1,0.9259259
/home/celia/jfreechart/src/main/java/org/jfree/data/function/PolynomialFunction2D.java,PolynomialFunction2D.java,123,86,0.699187,8,0.08739837
/home/celia/jfreechart/src/main/java/org/jfree/data/function/LineFunction2D.java,LineFunction2D.java,127,86,0.6771653,9,0.07524059
/home/celia/jfreechart/src/main/java/org/jfree/data/function/NormalDistributionFunction2D.java,NormalDistributionFunction2D.java,138,90,0.65217394,10,0.06521739
/home/celia/jfreechart/src/main/java/org/jfree/data/json/impl/JSONArray.java,JSONArray.java,144,72,0.5,12,0.041666668
/home/celia/jfreechart/src/main/java/org/jfree/data/json/impl/JSONAware.java,JSONAware.java,41,37,0.902439,1,0.902439
/home/celia/jfreechart/src/main/java/org/jfree/data/json/impl/package-info.java,package-info.java,4,3,0.75,1,0.75
/home/celia/jfreechart/src/main/java/org/jfree/data/json/impl/JSONStreamAware.java,JSONStreamAware.java,46,40,0.8695652,1,0.8695652
/home/celia/jfreechart/src/main/java/org/jfree/data/json/impl/JSONValue.java,JSONValue.java,314,159,0.5063694,30,0.016878981
/home/celia/jfreechart/src/main/java/org/jfree/data/json/impl/JSONObject.java,JSONObject.java,175,90,0.51428574,13,0.03956044
/home/celia/jfreechart/src/main/java/org/jfree/data/json/package-info.java,package-info.java,4,3,0.75,1,0.75
/home/celia/jfreechart/src/main/java/org/jfree/data/json/JSONUtils.java,JSONUtils.java,193,89,0.4611399,12,0.038428325
/home/celia/jfreechart/src/main/java/org/jfree/data/ComparableObjectItem.java,ComparableObjectItem.java,173,111,0.6416185,13,0.04935527
/home/celia/jfreechart/src/main/java/org/jfree/data/KeyedObjects2D.java,KeyedObjects2D.java,476,229,0.48109242,54,0.008909119
/home/celia/jfreechart/src/main/java/org/jfree/data/DefaultKeyedValues.java,DefaultKeyedValues.java,434,234,0.5391705,42,0.012837393
/home/celia/jfreechart/src/main/java/org/jfree/data/KeyedObjects.java,KeyedObjects.java,330,175,0.530303,36,0.014730639
/home/celia/jfreechart/src/main/java/org/jfree/data/KeyedValues2DItemKey.java,KeyedValues2DItemKey.java,143,72,0.5034965,13,0.038730502
/home/celia/jfreechart/src/main/java/org/jfree/data/RangeInfo.java,RangeInfo.java,82,76,0.9268293,1,0.9268293
/home/celia/jfreechart/src/main/java/org/jfree/data/DefaultKeyedValue.java,DefaultKeyedValue.java,164,107,0.652439,12,0.054369915
/home/celia/jfreechart/src/main/java/org/jfree/data/io/CSV.java,CSV.java,186,96,0.516129,15,0.034408603
/home/celia/jfreechart/src/main/java/org/jfree/data/KeyedValueComparator.java,KeyedValueComparator.java,160,75,0.46875,12,0.0390625
/home/celia/jfreechart/src/main/java/org/jfree/data/resources/DataPackageResources_de.java,DataPackageResources_de.java,62,54,0.87096775,2,0.43548387
/home/celia/jfreechart/src/main/java/org/jfree/data/resources/DataPackageResources_ru.java,DataPackageResources_ru.java,59,51,0.86440676,2,0.43220338
/home/celia/jfreechart/src/main/java/org/jfree/data/resources/DataPackageResources_fr.java,DataPackageResources_fr.java,61,53,0.86885244,2,0.43442622
/home/celia/jfreechart/src/main/java/org/jfree/data/resources/DataPackageResources_pl.java,DataPackageResources_pl.java,63,55,0.8730159,2,0.43650794
/home/celia/jfreechart/src/main/java/org/jfree/data/resources/DataPackageResources_es.java,DataPackageResources_es.java,62,54,0.87096775,2,0.43548387
/home/celia/jfreechart/src/main/java/org/jfree/data/resources/DataPackageResources.java,DataPackageResources.java,62,54,0.87096775,2,0.43548387
/home/celia/jfreechart/src/main/java/org/jfree/data/contour/DefaultContourDataset.java,DefaultContourDataset.java,483,260,0.5383023,50,0.010766046
/home/celia/jfreechart/src/main/java/org/jfree/data/contour/NonGridContourDataset.java,NonGridContourDataset.java,213,107,0.5023474,17,0.029549848
/home/celia/jfreechart/src/main/java/org/jfree/data/contour/ContourDataset.java,ContourDataset.java,117,101,0.8632479,1,0.8632479
/home/celia/jfreechart/src/main/java/org/jfree/data/Values.java,Values.java,66,61,0.92424244,1,0.92424244
/home/celia/jfreechart/src/main/java/org/jfree/data/KeyedValue.java,KeyedValue.java,55,51,0.92727274,1,0.92727274
/home/celia/jfreechart/src/main/java/org/jfree/data/KeyedValuesItemKey.java,KeyedValuesItemKey.java,98,58,0.59183675,8,0.073979594
/home/celia/jfreechart/src/main/java/org/jfree/data/KeyedValues2D.java,KeyedValues2D.java,107,96,0.89719623,1,0.89719623
/home/celia/jfreechart/src/main/java/org/jfree/data/Range.java,Range.java,448,254,0.56696427,45,0.012599206
/home/celia/jfreechart/src/main/java/org/jfree/data/Value.java,Value.java,52,48,0.9230769,1,0.9230769
/home/celia/jfreechart/src/main/java/org/jfree/data/KeyedObject.java,KeyedObject.java,133,87,0.65413535,11,0.05946685
/home/celia/jfreechart/src/main/java/org/jfree/data/time/TimePeriodFormatException.java,TimePeriodFormatException.java,54,48,0.8888889,1,0.8888889
/home/celia/jfreechart/src/main/java/org/jfree/data/time/Week.java,Week.java,598,316,0.5284281,50,0.010568562
/home/celia/jfreechart/src/main/java/org/jfree/data/time/TimePeriodValuesCollection.java,TimePeriodValuesCollection.java,457,246,0.53829324,39,0.013802391
/home/celia/jfreechart/src/main/java/org/jfree/data/time/FixedMillisecond.java,FixedMillisecond.java,274,164,0.5985401,23,0.026023483
/home/celia/jfreechart/src/main/java/org/jfree/data/time/TimePeriod.java,TimePeriod.java,63,57,0.9047619,1,0.9047619
/home/celia/jfreechart/src/main/java/org/jfree/data/time/RegularTimePeriod.java,RegularTimePeriod.java,351,245,0.6980057,12,0.05816714
/home/celia/jfreechart/src/main/java/org/jfree/data/time/Hour.java,Hour.java,457,271,0.5929978,36,0.01647216
/home/celia/jfreechart/src/main/java/org/jfree/data/time/TimeSeriesDataItem.java,TimeSeriesDataItem.java,215,145,0.6744186,14,0.04817276
/home/celia/jfreechart/src/main/java/org/jfree/data/time/DateRange.java,DateRange.java,155,113,0.7290323,9,0.081003584
/home/celia/jfreechart/src/main/java/org/jfree/data/time/Day.java,Day.java,443,269,0.60722345,29,0.02093874
/home/celia/jfreechart/src/main/java/org/jfree/data/time/TimePeriodAnchor.java,TimePeriodAnchor.java,129,83,0.64341086,9,0.071490094
/home/celia/jfreechart/src/main/java/org/jfree/data/time/TimeSeries.java,TimeSeries.java,1344,695,0.5171131,132,0.003917523
/home/celia/jfreechart/src/main/java/org/jfree/data/time/Millisecond.java,Millisecond.java,410,233,0.5682927,32,0.017759146
/home/celia/jfreechart/src/main/java/org/jfree/data/time/ohlc/OHLCSeries.java,OHLCSeries.java,131,93,0.7099237,7,0.10141767
/home/celia/jfreechart/src/main/java/org/jfree/data/time/ohlc/OHLCItem.java,OHLCItem.java,135,84,0.62222224,10,0.062222224
/home/celia/jfreechart/src/main/java/org/jfree/data/time/ohlc/OHLC.java,OHLC.java,149,92,0.61744964,13,0.047496125
/home/celia/jfreechart/src/main/java/org/jfree/data/time/ohlc/OHLCSeriesCollection.java,OHLCSeriesCollection.java,461,278,0.6030369,38,0.015869392
/home/celia/jfreechart/src/main/java/org/jfree/data/time/MovingAverage.java,MovingAverage.java,306,141,0.46078432,25,0.018431373
/home/celia/jfreechart/src/main/java/org/jfree/data/time/TimePeriodValue.java,TimePeriodValue.java,177,114,0.6440678,13,0.04954368
/home/celia/jfreechart/src/main/java/org/jfree/data/time/TimePeriodValues.java,TimePeriodValues.java,519,269,0.5183044,50,0.010366088
/home/celia/jfreechart/src/main/java/org/jfree/data/time/SimpleTimePeriod.java,SimpleTimePeriod.java,211,122,0.578199,17,0.034011707
/home/celia/jfreechart/src/main/java/org/jfree/data/time/Quarter.java,Quarter.java,449,262,0.5835189,36,0.01620886
/home/celia/jfreechart/src/main/java/org/jfree/data/time/TimeSeriesCollection.java,TimeSeriesCollection.java,783,422,0.53895277,68,0.007925776
/home/celia/jfreechart/src/main/java/org/jfree/data/time/TimeSeriesTableModel.java,TimeSeriesTableModel.java,247,122,0.49392712,25,0.019757085
/home/celia/jfreechart/src/main/java/org/jfree/data/time/TimeTableXYDataset.java,TimeTableXYDataset.java,570,352,0.6175439,45,0.013723197
/home/celia/jfreechart/src/main/java/org/jfree/data/time/Year.java,Year.java,382,245,0.64136124,25,0.02565445
/home/celia/jfreechart/src/main/java/org/jfree/data/time/DynamicTimeSeriesCollection.java,DynamicTimeSeriesCollection.java,885,500,0.56497175,83,0.0068068886
/home/celia/jfreechart/src/main/java/org/jfree/data/time/Second.java,Second.java,435,242,0.55632186,35,0.01589491
/home/celia/jfreechart/src/main/java/org/jfree/data/time/Month.java,Month.java,516,283,0.54844964,46,0.011922819
/home/celia/jfreechart/src/main/java/org/jfree/data/time/Minute.java,Minute.java,460,265,0.57608694,35,0.016459627
/home/celia/jfreechart/src/main/java/org/jfree/data/category/DefaultCategoryDataset.java,DefaultCategoryDataset.java,414,264,0.6376812,29,0.021989007
/home/celia/jfreechart/src/main/java/org/jfree/data/category/CategoryDataset.java,CategoryDataset.java,64,59,0.921875,1,0.921875
/home/celia/jfreechart/src/main/java/org/jfree/data/category/IntervalCategoryDataset.java,IntervalCategoryDataset.java,96,89,0.9270833,1,0.9270833
/home/celia/jfreechart/src/main/java/org/jfree/data/category/CategoryToPieDataset.java,CategoryToPieDataset.java,315,162,0.51428574,32,0.01607143
/home/celia/jfreechart/src/main/java/org/jfree/data/category/DefaultIntervalCategoryDataset.java,DefaultIntervalCategoryDataset.java,785,397,0.5057325,84,0.0060206247
/home/celia/jfreechart/src/main/java/org/jfree/data/category/SlidingCategoryDataset.java,SlidingCategoryDataset.java,335,198,0.5910448,31,0.019065961
/home/celia/jfreechart/src/main/java/org/jfree/data/category/CategoryRangeInfo.java,CategoryRangeInfo.java,62,55,0.88709676,1,0.88709676
/home/celia/jfreechart/src/main/java/org/jfree/data/Values2D.java,Values2D.java,69,63,0.9130435,1,0.9130435
/home/celia/jfreechart/src/main/java/org/jfree/data/UnknownKeyException.java,UnknownKeyException.java,53,47,0.8867925,1,0.8867925
/home/celia/jfreechart/src/main/java/org/jfree/data/statistics/HistogramBin.java,HistogramBin.java,146,95,0.65068495,12,0.054223746
/home/celia/jfreechart/src/main/java/org/jfree/data/statistics/SimpleHistogramBin.java,SimpleHistogramBin.java,247,131,0.5303644,31,0.017108528
/home/celia/jfreechart/src/main/java/org/jfree/data/statistics/DefaultBoxAndWhiskerCategoryDataset.java,DefaultBoxAndWhiskerCategoryDataset.java,882,479,0.5430839,78,0.006962614
/home/celia/jfreechart/src/main/java/org/jfree/data/statistics/HistogramDataset.java,HistogramDataset.java,482,278,0.5767635,38,0.0151779875
/home/celia/jfreechart/src/main/java/org/jfree/data/statistics/MeanAndStandardDeviation.java,MeanAndStandardDeviation.java,164,108,0.6585366,14,0.047038328
/home/celia/jfreechart/src/main/java/org/jfree/data/statistics/BoxAndWhiskerItem.java,BoxAndWhiskerItem.java,265,151,0.56981134,23,0.024774406
/home/celia/jfreechart/src/main/java/org/jfree/data/statistics/DefaultBoxAndWhiskerXYDataset.java,DefaultBoxAndWhiskerXYDataset.java,537,310,0.5772812,48,0.012026691
/home/celia/jfreechart/src/main/java/org/jfree/data/statistics/DefaultStatisticalCategoryDataset.java,DefaultStatisticalCategoryDataset.java,673,325,0.48291233,62,0.0077889087
/home/celia/jfreechart/src/main/java/org/jfree/data/statistics/StatisticalCategoryDataset.java,StatisticalCategoryDataset.java,88,80,0.90909094,1,0.90909094
/home/celia/jfreechart/src/main/java/org/jfree/data/statistics/SimpleHistogramDataset.java,SimpleHistogramDataset.java,455,273,0.6,41,0.014634147
/home/celia/jfreechart/src/main/java/org/jfree/data/statistics/HistogramType.java,HistogramType.java,130,81,0.6230769,10,0.062307693
/home/celia/jfreechart/src/main/java/org/jfree/data/statistics/BoxAndWhiskerCalculator.java,BoxAndWhiskerCalculator.java,216,100,0.46296296,16,0.028935185
/home/celia/jfreechart/src/main/java/org/jfree/data/statistics/BoxAndWhiskerXYDataset.java,BoxAndWhiskerXYDataset.java,164,148,0.902439,1,0.902439
/home/celia/jfreechart/src/main/java/org/jfree/data/statistics/BoxAndWhiskerCategoryDataset.java,BoxAndWhiskerCategoryDataset.java,217,194,0.89400923,1,0.89400923
/home/celia/jfreechart/src/main/java/org/jfree/data/statistics/MultiValueCategoryDataset.java,MultiValueCategoryDataset.java,69,62,0.89855075,1,0.89855075
/home/celia/jfreechart/src/main/java/org/jfree/data/statistics/DefaultMultiValueCategoryDataset.java,DefaultMultiValueCategoryDataset.java,385,190,0.4935065,39,0.012654013
/home/celia/jfreechart/src/main/java/org/jfree/data/statistics/Statistics.java,Statistics.java,436,199,0.45642203,42,0.0108671915
/home/celia/jfreechart/src/main/java/org/jfree/data/statistics/Regression.java,Regression.java,340,117,0.34411764,35,0.009831932
/home/celia/jfreechart/src/main/java/org/jfree/chart/renderer/DefaultPolarItemRenderer.java,DefaultPolarItemRenderer.java,942,445,0.47239915,81,0.005832088
/home/celia/jfreechart/src/main/java/org/jfree/chart/renderer/xy/SamplingXYLineRenderer.java,SamplingXYLineRenderer.java,375,200,0.53333336,21,0.025396828
/home/celia/jfreechart/src/main/java/org/jfree/chart/renderer/xy/XYBubbleRenderer.java,XYBubbleRenderer.java,339,148,0.43657818,25,0.017463127
/home/celia/jfreechart/src/main/java/org/jfree/chart/renderer/xy/CandlestickRenderer.java,CandlestickRenderer.java,894,470,0.5257271,71,0.007404607
/home/celia/jfreechart/src/main/java/org/jfree/chart/renderer/xy/XYAreaRenderer.java,XYAreaRenderer.java,707,331,0.46817538,60,0.007802923
/home/celia/jfreechart/src/main/java/org/jfree/chart/renderer/xy/XYItemRendererState.java,XYItemRendererState.java,182,145,0.7967033,5,0.15934065
/home/celia/jfreechart/src/main/java/org/jfree/chart/renderer/xy/AbstractXYItemRenderer.java,AbstractXYItemRenderer.java,1835,765,0.41689372,146,0.0028554364
/home/celia/jfreechart/src/main/java/org/jfree/chart/renderer/xy/XYLine3DRenderer.java,XYLine3DRenderer.java,260,153,0.5884615,20,0.029423077
/home/celia/jfreechart/src/main/java/org/jfree/chart/renderer/xy/StackedXYBarRenderer.java,StackedXYBarRenderer.java,408,175,0.42892158,37,0.011592475
/home/celia/jfreechart/src/main/java/org/jfree/chart/renderer/xy/XYBlockRenderer.java,XYBlockRenderer.java,419,204,0.4868735,32,0.015214797
/home/celia/jfreechart/src/main/java/org/jfree/chart/renderer/xy/YIntervalRenderer.java,YIntervalRenderer.java,293,150,0.51194537,14,0.036567528
/home/celia/jfreechart/src/main/java/org/jfree/chart/renderer/xy/StandardXYItemRenderer.java,StandardXYItemRenderer.java,1040,561,0.53942305,91,0.0059277257
/home/celia/jfreechart/src/main/java/org/jfree/chart/renderer/xy/StackedXYAreaRenderer2.java,StackedXYAreaRenderer2.java,519,197,0.37957612,41,0.009257954
/home/celia/jfreechart/src/main/java/org/jfree/chart/renderer/xy/XYSplineRenderer.java,XYSplineRenderer.java,474,230,0.48523206,38,0.012769264
/home/celia/jfreechart/src/main/java/org/jfree/chart/renderer/xy/StackedXYAreaRenderer.java,StackedXYAreaRenderer.java,642,309,0.4813084,51,0.0094374195
/home/celia/jfreechart/src/main/java/org/jfree/chart/renderer/xy/VectorRenderer.java,VectorRenderer.java,328,123,0.375,29,0.012931035
/home/celia/jfreechart/src/main/java/org/jfree/chart/renderer/xy/XYDifferenceRenderer.java,XYDifferenceRenderer.java,1109,405,0.36519387,79,0.004622707
/home/celia/jfreechart/src/main/java/org/jfree/chart/renderer/xy/CyclicXYItemRenderer.java,CyclicXYItemRenderer.java,469,213,0.45415777,49,0.009268526
/home/celia/jfreechart/src/main/java/org/jfree/chart/renderer/xy/HighLowRenderer.java,HighLowRenderer.java,487,247,0.50718683,42,0.012075877
/home/celia/jfreechart/src/main/java/org/jfree/chart/renderer/xy/GradientXYBarPainter.java,GradientXYBarPainter.java,346,134,0.38728324,21,0.018442059
/home/celia/jfreechart/src/main/java/org/jfree/chart/renderer/xy/XYStepAreaRenderer.java,XYStepAreaRenderer.java,594,304,0.5117845,45,0.011372989
/home/celia/jfreechart/src/main/java/org/jfree/chart/renderer/xy/XYBoxAndWhiskerRenderer.java,XYBoxAndWhiskerRenderer.java,776,346,0.4458763,52,0.008574544
/home/celia/jfreechart/src/main/java/org/jfree/chart/renderer/xy/WindItemRenderer.java,WindItemRenderer.java,178,95,0.53370786,2,0.26685393
/home/celia/jfreechart/src/main/java/org/jfree/chart/renderer/xy/XYItemRenderer.java,XYItemRenderer.java,1563,1373,0.8784389,1,0.8784389
/home/celia/jfreechart/src/main/java/org/jfree/chart/renderer/xy/XYBarRenderer.java,XYBarRenderer.java,1198,577,0.48163605,95,0.0050698533
/home/celia/jfreechart/src/main/java/org/jfree/chart/renderer/xy/XYStepRenderer.java,XYStepRenderer.java,338,183,0.5414201,20,0.027071005
/home/celia/jfreechart/src/main/java/org/jfree/chart/renderer/xy/XYAreaRenderer2.java,XYAreaRenderer2.java,450,215,0.47777778,30,0.015925925
/home/celia/jfreechart/src/main/java/org/jfree/chart/renderer/xy/ClusteredXYBarRenderer.java,ClusteredXYBarRenderer.java,352,161,0.45738637,27,0.016940236
/home/celia/jfreechart/src/main/java/org/jfree/chart/renderer/xy/DeviationRenderer.java,DeviationRenderer.java,354,187,0.5282486,25,0.021129943
/home/celia/jfreechart/src/main/java/org/jfree/chart/renderer/xy/XYDotRenderer.java,XYDotRenderer.java,366,198,0.5409836,27,0.020036431
/home/celia/jfreechart/src/main/java/org/jfree/chart/renderer/xy/XYLineAndShapeRenderer.java,XYLineAndShapeRenderer.java,1261,695,0.5511499,105,0.0052490467
/home/celia/jfreechart/src/main/java/org/jfree/chart/renderer/xy/XYErrorRenderer.java,XYErrorRenderer.java,431,222,0.5150812,33,0.015608522
/home/celia/jfreechart/src/main/java/org/jfree/chart/renderer/xy/XYBarPainter.java,XYBarPainter.java,86,75,0.872093,1,0.872093
/home/celia/jfreechart/src/main/java/org/jfree/chart/renderer/xy/StandardXYBarPainter.java,StandardXYBarPainter.java,208,102,0.4903846,15,0.032692306
/home/celia/jfreechart/src/main/java/org/jfree/chart/renderer/xy/DefaultXYItemRenderer.java,DefaultXYItemRenderer.java,52,48,0.9230769,1,0.9230769
/home/celia/jfreechart/src/main/java/org/jfree/chart/renderer/xy/XYShapeRenderer.java,XYShapeRenderer.java,579,308,0.53195167,49,0.010856156
/home/celia/jfreechart/src/main/java/org/jfree/chart/renderer/GrayPaintScale.java,GrayPaintScale.java,218,137,0.6284404,17,0.03696708
/home/celia/jfreechart/src/main/java/org/jfree/chart/renderer/AreaRendererEndType.java,AreaRendererEndType.java,125,80,0.64,8,0.08
/home/celia/jfreechart/src/main/java/org/jfree/chart/renderer/Outlier.java,Outlier.java,196,127,0.6479592,16,0.04049745
/home/celia/jfreechart/src/main/java/org/jfree/chart/renderer/RendererUtilities.java,RendererUtilities.java,261,108,0.41379312,27,0.015325671
/home/celia/jfreechart/src/main/java/org/jfree/chart/renderer/NotOutlierException.java,NotOutlierException.java,57,51,0.8947368,1,0.8947368
/home/celia/jfreechart/src/main/java/org/jfree/chart/renderer/PolarItemRenderer.java,PolarItemRenderer.java,201,166,0.82587063,1,0.82587063
/home/celia/jfreechart/src/main/java/org/jfree/chart/renderer/OutlierListCollection.java,OutlierListCollection.java,169,117,0.6923077,12,0.057692308
/home/celia/jfreechart/src/main/java/org/jfree/chart/renderer/RendererState.java,RendererState.java,113,83,0.7345133,7,0.10493047
/home/celia/jfreechart/src/main/java/org/jfree/chart/renderer/WaferMapRenderer.java,WaferMapRenderer.java,352,157,0.44602272,41,0.010878603
/home/celia/jfreechart/src/main/java/org/jfree/chart/renderer/LookupPaintScale.java,LookupPaintScale.java,370,193,0.52162164,36,0.014489491
/home/celia/jfreechart/src/main/java/org/jfree/chart/renderer/AbstractRenderer.java,AbstractRenderer.java,3798,2293,0.6037388,345,0.0017499675
/home/celia/jfreechart/src/main/java/org/jfree/chart/renderer/OutlierList.java,OutlierList.java,166,115,0.6927711,11,0.06297919
/home/celia/jfreechart/src/main/java/org/jfree/chart/renderer/category/DefaultCategoryItemRenderer.java,DefaultCategoryItemRenderer.java,52,47,0.90384614,1,0.90384614
/home/celia/jfreechart/src/main/java/org/jfree/chart/renderer/category/StatisticalBarRenderer.java,StatisticalBarRenderer.java,550,218,0.39636365,47,0.008433269
/home/celia/jfreechart/src/main/java/org/jfree/chart/renderer/category/StackedBarRenderer3D.java,StackedBarRenderer3D.java,805,321,0.39875776,52,0.0076684183
/home/celia/jfreechart/src/main/java/org/jfree/chart/renderer/category/ScatterRenderer.java,ScatterRenderer.java,548,276,0.50364965,48,0.010492701
/home/celia/jfreechart/src/main/java/org/jfree/chart/renderer/category/MinMaxCategoryRenderer.java,MinMaxCategoryRenderer.java,519,256,0.49325627,43,0.011471076
/home/celia/jfreechart/src/main/java/org/jfree/chart/renderer/category/CategoryItemRendererState.java,CategoryItemRendererState.java,209,147,0.7033493,15,0.046889953
/home/celia/jfreechart/src/main/java/org/jfree/chart/renderer/category/AbstractCategoryItemRenderer.java,AbstractCategoryItemRenderer.java,1738,744,0.42807826,138,0.0031020164
/home/celia/jfreechart/src/main/java/org/jfree/chart/renderer/category/AreaRenderer.java,AreaRenderer.java,337,146,0.43323442,26,0.016662862
/home/celia/jfreechart/src/main/java/org/jfree/chart/renderer/category/WaterfallBarRenderer.java,WaterfallBarRenderer.java,453,196,0.43267107,36,0.0120186405
/home/celia/jfreechart/src/main/java/org/jfree/chart/renderer/category/GanttRenderer.java,GanttRenderer.java,578,229,0.39619377,46,0.008612908
/home/celia/jfreechart/src/main/java/org/jfree/chart/renderer/category/BarRenderer3D.java,BarRenderer3D.java,764,280,0.36649215,36,0.010180337
/home/celia/jfreechart/src/main/java/org/jfree/chart/renderer/category/BarRenderer.java,BarRenderer.java,1307,630,0.4820199,95,0.005073894
/home/celia/jfreechart/src/main/java/org/jfree/chart/renderer/category/GroupedStackedBarRenderer.java,GroupedStackedBarRenderer.java,345,128,0.3710145,28,0.013250518
/home/celia/jfreechart/src/main/java/org/jfree/chart/renderer/category/StandardBarPainter.java,StandardBarPainter.java,209,103,0.49282297,15,0.032854866
/home/celia/jfreechart/src/main/java/org/jfree/chart/renderer/category/StatisticalLineAndShapeRenderer.java,StatisticalLineAndShapeRenderer.java,454,186,0.40969163,39,0.0105049135
/home/celia/jfreechart/src/main/java/org/jfree/chart/renderer/category/LineAndShapeRenderer.java,LineAndShapeRenderer.java,1031,586,0.56838024,90,0.006315336
/home/celia/jfreechart/src/main/java/org/jfree/chart/renderer/category/StackedAreaRenderer.java,StackedAreaRenderer.java,506,205,0.40513834,41,0.009881423
/home/celia/jfreechart/src/main/java/org/jfree/chart/renderer/category/CategoryStepRenderer.java,CategoryStepRenderer.java,338,169,0.5,26,0.01923077
/home/celia/jfreechart/src/main/java/org/jfree/chart/renderer/category/LineRenderer3D.java,LineRenderer3D.java,600,217,0.36166668,33,0.010959596
/home/celia/jfreechart/src/main/java/org/jfree/chart/renderer/category/GradientBarPainter.java,GradientBarPainter.java,348,145,0.41666666,20,0.020833332
/home/celia/jfreechart/src/main/java/org/jfree/chart/renderer/category/CategoryItemRenderer.java,CategoryItemRenderer.java,1692,1504,0.8888889,1,0.8888889
/home/celia/jfreechart/src/main/java/org/jfree/chart/renderer/category/BoxAndWhiskerRenderer.java,BoxAndWhiskerRenderer.java,1016,447,0.43996063,80,0.0054995078
/home/celia/jfreechart/src/main/java/org/jfree/chart/renderer/category/StackedBarRenderer.java,StackedBarRenderer.java,401,187,0.46633416,32,0.014572943
/home/celia/jfreechart/src/main/java/org/jfree/chart/renderer/category/LevelRenderer.java,LevelRenderer.java,444,219,0.49324325,29,0.017008388
/home/celia/jfreechart/src/main/java/org/jfree/chart/renderer/category/LayeredBarRenderer.java,LayeredBarRenderer.java,415,158,0.38072288,41,0.009285924
/home/celia/jfreechart/src/main/java/org/jfree/chart/renderer/category/BarPainter.java,BarPainter.java,86,75,0.872093,1,0.872093
/home/celia/jfreechart/src/main/java/org/jfree/chart/renderer/category/IntervalBarRenderer.java,IntervalBarRenderer.java,251,135,0.5378486,16,0.033615537
/home/celia/jfreechart/src/main/java/org/jfree/chart/renderer/PaintScale.java,PaintScale.java,80,72,0.9,1,0.9
/home/celia/jfreechart/src/main/java/org/jfree/chart/ChartFrame.java,ChartFrame.java,88,65,0.7386364,4,0.1846591
/home/celia/jfreechart/src/main/java/org/jfree/chart/ChartRenderingInfo.java,ChartRenderingInfo.java,236,149,0.63135594,19,0.03322926
/home/celia/jfreechart/src/main/java/org/jfree/chart/ChartTheme.java,ChartTheme.java,57,53,0.9298246,1,0.9298246
/home/celia/jfreechart/src/main/java/org/jfree/chart/servlet/DisplayChart.java,DisplayChart.java,142,84,0.5915493,10,0.059154928
/home/celia/jfreechart/src/main/java/org/jfree/chart/servlet/ChartDeleter.java,ChartDeleter.java,112,78,0.6964286,7,0.0994898
/home/celia/jfreechart/src/main/java/org/jfree/chart/servlet/ServletUtilities.java,ServletUtilities.java,392,217,0.5535714,21,0.026360543
/home/celia/jfreechart/src/main/java/org/jfree/chart/ChartColor.java,ChartColor.java,158,100,0.6329114,2,0.3164557
/home/celia/jfreechart/src/main/java/org/jfree/chart/annotations/CategoryTextAnnotation.java,CategoryTextAnnotation.java,261,140,0.5363985,16,0.033524904
/home/celia/jfreechart/src/main/java/org/jfree/chart/annotations/XYTextAnnotation.java,XYTextAnnotation.java,622,351,0.5643087,47,0.012006568
/home/celia/jfreechart/src/main/java/org/jfree/chart/annotations/CategoryAnnotation.java,CategoryAnnotation.java,66,56,0.8484849,1,0.8484849
/home/celia/jfreechart/src/main/java/org/jfree/chart/annotations/CategoryPointerAnnotation.java,CategoryPointerAnnotation.java,490,262,0.5346939,32,0.016709184
/home/celia/jfreechart/src/main/java/org/jfree/chart/annotations/XYShapeAnnotation.java,XYShapeAnnotation.java,290,141,0.4862069,17,0.028600406
/home/celia/jfreechart/src/main/java/org/jfree/chart/annotations/XYAnnotation.java,XYAnnotation.java,75,64,0.85333335,1,0.85333335
/home/celia/jfreechart/src/main/java/org/jfree/chart/annotations/XYImageAnnotation.java,XYImageAnnotation.java,297,164,0.5521886,18,0.030677143
/home/celia/jfreechart/src/main/java/org/jfree/chart/annotations/Annotation.java,Annotation.java,63,56,0.8888889,1,0.8888889
/home/celia/jfreechart/src/main/java/org/jfree/chart/annotations/XYAnnotationBoundsInfo.java,XYAnnotationBoundsInfo.java,70,63,0.9,1,0.9
/home/celia/jfreechart/src/main/java/org/jfree/chart/annotations/XYPolygonAnnotation.java,XYPolygonAnnotation.java,334,166,0.497006,24,0.020708583
/home/celia/jfreechart/src/main/java/org/jfree/chart/annotations/TextAnnotation.java,TextAnnotation.java,333,201,0.6036036,24,0.02515015
/home/celia/jfreechart/src/main/java/org/jfree/chart/annotations/AbstractXYAnnotation.java,AbstractXYAnnotation.java,195,117,0.6,15,0.040000003
/home/celia/jfreechart/src/main/java/org/jfree/chart/annotations/AbstractAnnotation.java,AbstractAnnotation.java,204,137,0.67156863,14,0.04796919
/home/celia/jfreechart/src/main/java/org/jfree/chart/annotations/CategoryLineAnnotation.java,CategoryLineAnnotation.java,394,203,0.51522845,25,0.020609139
/home/celia/jfreechart/src/main/java/org/jfree/chart/annotations/XYDrawableAnnotation.java,XYDrawableAnnotation.java,236,118,0.5,13,0.03846154
/home/celia/jfreechart/src/main/java/org/jfree/chart/annotations/XYTitleAnnotation.java,XYTitleAnnotation.java,369,162,0.4390244,33,0.01330377
/home/celia/jfreechart/src/main/java/org/jfree/chart/annotations/XYLineAnnotation.java,XYLineAnnotation.java,291,136,0.46735394,17,0.027491407
/home/celia/jfreechart/src/main/java/org/jfree/chart/annotations/XYDataImageAnnotation.java,XYDataImageAnnotation.java,352,194,0.5511364,23,0.023962451
/home/celia/jfreechart/src/main/java/org/jfree/chart/annotations/XYBoxAnnotation.java,XYBoxAnnotation.java,284,137,0.48239437,18,0.026799686
/home/celia/jfreechart/src/main/java/org/jfree/chart/annotations/XYPointerAnnotation.java,XYPointerAnnotation.java,510,268,0.5254902,35,0.015014007
/home/celia/jfreechart/src/main/java/org/jfree/chart/ChartPanel.java,ChartPanel.java,3007,1353,0.44995013,254,0.0017714571
/home/celia/jfreechart/src/main/java/org/jfree/chart/LegendItemCollection.java,LegendItemCollection.java,142,96,0.6760563,11,0.061459664
/home/celia/jfreechart/src/main/java/org/jfree/chart/axis/AxisLabelLocation.java,AxisLabelLocation.java,131,83,0.6335878,11,0.05759889
/home/celia/jfreechart/src/main/java/org/jfree/chart/axis/ValueTick.java,ValueTick.java,134,93,0.69402987,7,0.099147126
/home/celia/jfreechart/src/main/java/org/jfree/chart/axis/CategoryLabelWidthType.java,CategoryLabelWidthType.java,115,75,0.65217394,8,0.08152174
/home/celia/jfreechart/src/main/java/org/jfree/chart/axis/DateTick.java,DateTick.java,128,87,0.6796875,6,0.11328125
/home/celia/jfreechart/src/main/java/org/jfree/chart/axis/SubCategoryAxis.java,SubCategoryAxis.java,419,183,0.43675417,29,0.015060488
/home/celia/jfreechart/src/main/java/org/jfree/chart/axis/TickUnitSource.java,TickUnitSource.java,74,68,0.9189189,1,0.9189189
/home/celia/jfreechart/src/main/java/org/jfree/chart/axis/AxisLocation.java,AxisLocation.java,180,104,0.5777778,12,0.04814815
/home/celia/jfreechart/src/main/java/org/jfree/chart/axis/DateTickUnitType.java,DateTickUnitType.java,157,94,0.5987261,9,0.066525124
/home/celia/jfreechart/src/main/java/org/jfree/chart/axis/CategoryLabelPositions.java,CategoryLabelPositions.java,373,194,0.5201072,11,0.047282472
/home/celia/jfreechart/src/main/java/org/jfree/chart/axis/CategoryTick.java,CategoryTick.java,139,84,0.60431653,10,0.06043165
/home/celia/jfreechart/src/main/java/org/jfree/chart/axis/MonthDateFormat.java,MonthDateFormat.java,236,139,0.58898306,16,0.03681144
/home/celia/jfreechart/src/main/java/org/jfree/chart/axis/SymbolAxis.java,SymbolAxis.java,737,320,0.4341927,56,0.0077534406
/home/celia/jfreechart/src/main/java/org/jfree/chart/axis/LogAxis.java,LogAxis.java,1053,474,0.45014244,80,0.0056267804
/home/celia/jfreechart/src/main/java/org/jfree/chart/axis/LogTick.java,LogTick.java,72,59,0.8194444,1,0.8194444
/home/celia/jfreechart/src/main/java/org/jfree/chart/axis/CategoryAxis.java,CategoryAxis.java,1438,683,0.4749652,97,0.0048965486
/home/celia/jfreechart/src/main/java/org/jfree/chart/axis/ValueAxis.java,ValueAxis.java,1637,867,0.5296274,134,0.003952443
/home/celia/jfreechart/src/main/java/org/jfree/chart/axis/QuarterDateFormat.java,QuarterDateFormat.java,191,114,0.5968586,10,0.059685864
/home/celia/jfreechart/src/main/java/org/jfree/chart/axis/AxisCollection.java,AxisCollection.java,127,85,0.6692913,7,0.09561305
/home/celia/jfreechart/src/main/java/org/jfree/chart/axis/Tick.java,Tick.java,167,105,0.6287425,13,0.04836481
/home/celia/jfreechart/src/main/java/org/jfree/chart/axis/PeriodAxis.java,PeriodAxis.java,1142,479,0.41943958,91,0.0046092262
/home/celia/jfreechart/src/main/java/org/jfree/chart/axis/TickUnit.java,TickUnit.java,183,120,0.6557377,14,0.046838406
/home/celia/jfreechart/src/main/java/org/jfree/chart/axis/AxisState.java,AxisState.java,173,116,0.67052025,14,0.047894303
/home/celia/jfreechart/src/main/java/org/jfree/chart/axis/Timeline.java,Timeline.java,144,133,0.9236111,1,0.9236111
/home/celia/jfreechart/src/main/java/org/jfree/chart/axis/NumberAxis.java,NumberAxis.java,1084,496,0.45756456,94,0.0048677083
/home/celia/jfreechart/src/main/java/org/jfree/chart/axis/LogarithmicAxis.java,LogarithmicAxis.java,1008,519,0.51488096,96,0.0053633433
/home/celia/jfreechart/src/main/java/org/jfree/chart/axis/DateTickUnit.java,DateTickUnit.java,599,376,0.62771285,37,0.016965212
/home/celia/jfreechart/src/main/java/org/jfree/chart/axis/CyclicNumberAxis.java,CyclicNumberAxis.java,1067,417,0.39081538,81,0.004824881
/home/celia/jfreechart/src/main/java/org/jfree/chart/axis/TickUnits.java,TickUnits.java,195,124,0.63589746,14,0.045421246
/home/celia/jfreechart/src/main/java/org/jfree/chart/axis/CompassFormat.java,CompassFormat.java,149,102,0.68456376,7,0.09779482
/home/celia/jfreechart/src/main/java/org/jfree/chart/axis/AxisSpace.java,AxisSpace.java,353,167,0.47308782,34,0.013914348
/home/celia/jfreechart/src/main/java/org/jfree/chart/axis/ColorBar.java,ColorBar.java,419,195,0.46539378,30,0.015513126
/home/celia/jfreechart/src/main/java/org/jfree/chart/axis/PeriodAxisLabelInfo.java,PeriodAxisLabelInfo.java,346,193,0.55780345,24,0.02324181
/home/celia/jfreechart/src/main/java/org/jfree/chart/axis/DateAxis.java,DateAxis.java,1839,760,0.4132681,132,0.003130819
/home/celia/jfreechart/src/main/java/org/jfree/chart/axis/NumberTickUnit.java,NumberTickUnit.java,153,100,0.6535948,10,0.06535948
/home/celia/jfreechart/src/main/java/org/jfree/chart/axis/MarkerAxisBand.java,MarkerAxisBand.java,249,113,0.45381525,15,0.030254351
/home/celia/jfreechart/src/main/java/org/jfree/chart/axis/NumberTick.java,NumberTick.java,92,73,0.79347825,1,0.79347825
/home/celia/jfreechart/src/main/java/org/jfree/chart/axis/NumberAxis3D.java,NumberAxis3D.java,166,103,0.6204819,7,0.08864027
/home/celia/jfreechart/src/main/java/org/jfree/chart/axis/CategoryAnchor.java,CategoryAnchor.java,119,77,0.64705884,8,0.080882356
/home/celia/jfreechart/src/main/java/org/jfree/chart/axis/NumberTickUnitSource.java,NumberTickUnitSource.java,220,64,0.29090908,38,0.0076555023
/home/celia/jfreechart/src/main/java/org/jfree/chart/axis/TickType.java,TickType.java,111,74,0.6666667,8,0.083333336
/home/celia/jfreechart/src/main/java/org/jfree/chart/axis/ModuloAxis.java,ModuloAxis.java,406,192,0.4729064,32,0.014778325
/home/celia/jfreechart/src/main/java/org/jfree/chart/axis/SegmentedTimeline.java,SegmentedTimeline.java,1586,940,0.592686,121,0.0048982315
/home/celia/jfreechart/src/main/java/org/jfree/chart/axis/CategoryLabelPosition.java,CategoryLabelPosition.java,239,143,0.5983264,17,0.03519567
/home/celia/jfreechart/src/main/java/org/jfree/chart/axis/StandardTickUnitSource.java,StandardTickUnitSource.java,124,86,0.6935484,7,0.09907834
/home/celia/jfreechart/src/main/java/org/jfree/chart/axis/Axis.java,Axis.java,1575,816,0.51809525,132,0.003924964
/home/celia/jfreechart/src/main/java/org/jfree/chart/axis/CategoryAxis3D.java,CategoryAxis3D.java,213,110,0.5164319,12,0.043035995
/home/celia/jfreechart/src/main/java/org/jfree/chart/axis/DateTickMarkPosition.java,DateTickMarkPosition.java,119,77,0.64705884,8,0.080882356
/home/celia/jfreechart/src/main/java/org/jfree/chart/axis/ExtendedCategoryAxis.java,ExtendedCategoryAxis.java,239,135,0.56485355,17,0.03322668
/home/celia/jfreechart/src/main/java/org/jfree/chart/title/TextTitle.java,TextTitle.java,865,397,0.45895955,74,0.006202156
/home/celia/jfreechart/src/main/java/org/jfree/chart/title/ImageTitle.java,ImageTitle.java,335,172,0.51343286,20,0.025671642
/home/celia/jfreechart/src/main/java/org/jfree/chart/title/LegendGraphic.java,LegendGraphic.java,694,378,0.5446686,63,0.008645534
/home/celia/jfreechart/src/main/java/org/jfree/chart/title/LegendItemBlockContainer.java,LegendItemBlockContainer.java,222,145,0.6531532,11,0.059377562
/home/celia/jfreechart/src/main/java/org/jfree/chart/title/PaintScaleLegend.java,PaintScaleLegend.java,679,294,0.4329897,57,0.00759631
/home/celia/jfreechart/src/main/java/org/jfree/chart/title/DateTitle.java,DateTitle.java,165,129,0.7818182,4,0.19545455
/home/celia/jfreechart/src/main/java/org/jfree/chart/title/LegendTitle.java,LegendTitle.java,639,301,0.4710485,61,0.0077221068
/home/celia/jfreechart/src/main/java/org/jfree/chart/title/ShortTextTitle.java,ShortTextTitle.java,229,110,0.48034933,15,0.03202329
/home/celia/jfreechart/src/main/java/org/jfree/chart/title/CompositeTitle.java,CompositeTitle.java,230,140,0.6086956,16,0.038043477
/home/celia/jfreechart/src/main/java/org/jfree/chart/title/Title.java,Title.java,419,251,0.59904534,32,0.018720167
/home/celia/jfreechart/src/main/java/org/jfree/chart/demo/PieChartDemo1.java,PieChartDemo1.java,197,101,0.51269037,6,0.08544839
/home/celia/jfreechart/src/main/java/org/jfree/chart/demo/BarChartDemo1.java,BarChartDemo1.java,137,75,0.54744524,4,0.13686131
/home/celia/jfreechart/src/main/java/org/jfree/chart/demo/TimeSeriesChartDemo1.java,TimeSeriesChartDemo1.java,201,89,0.44278607,6,0.07379768
/home/celia/jfreechart/src/main/java/org/jfree/chart/ChartHints.java,ChartHints.java,99,74,0.74747473,4,0.18686868
/home/celia/jfreechart/src/main/java/org/jfree/chart/urls/TimeSeriesURLGenerator.java,TimeSeriesURLGenerator.java,206,119,0.5776699,14,0.04126214
/home/celia/jfreechart/src/main/java/org/jfree/chart/urls/StandardXYURLGenerator.java,StandardXYURLGenerator.java,156,100,0.64102566,9,0.07122508
/home/celia/jfreechart/src/main/java/org/jfree/chart/urls/StandardPieURLGenerator.java,StandardPieURLGenerator.java,166,99,0.59638554,11,0.054216865
/home/celia/jfreechart/src/main/java/org/jfree/chart/urls/CategoryURLGenerator.java,CategoryURLGenerator.java,73,67,0.91780823,1,0.91780823
/home/celia/jfreechart/src/main/java/org/jfree/chart/urls/PieURLGenerator.java,PieURLGenerator.java,75,70,0.93333334,1,0.93333334
/home/celia/jfreechart/src/main/java/org/jfree/chart/urls/StandardXYZURLGenerator.java,StandardXYZURLGenerator.java,60,51,0.85,1,0.85
/home/celia/jfreechart/src/main/java/org/jfree/chart/urls/StandardCategoryURLGenerator.java,StandardCategoryURLGenerator.java,199,114,0.5728643,10,0.05728643
/home/celia/jfreechart/src/main/java/org/jfree/chart/urls/CustomCategoryURLGenerator.java,CustomCategoryURLGenerator.java,185,98,0.5297297,22,0.024078624
/home/celia/jfreechart/src/main/java/org/jfree/chart/urls/CustomPieURLGenerator.java,CustomPieURLGenerator.java,205,113,0.5512195,19,0.029011553
/home/celia/jfreechart/src/main/java/org/jfree/chart/urls/XYURLGenerator.java,XYURLGenerator.java,66,61,0.92424244,1,0.92424244
/home/celia/jfreechart/src/main/java/org/jfree/chart/urls/CustomXYURLGenerator.java,CustomXYURLGenerator.java,193,105,0.54404145,22,0.024729157
/home/celia/jfreechart/src/main/java/org/jfree/chart/urls/XYZURLGenerator.java,XYZURLGenerator.java,61,56,0.91803277,1,0.91803277
/home/celia/jfreechart/src/main/java/org/jfree/chart/urls/URLUtilities.java,URLUtilities.java,86,60,0.6976744,1,0.6976744
/home/celia/jfreechart/src/main/java/org/jfree/chart/fx/ChartViewerSkin.java,ChartViewerSkin.java,193,118,0.61139894,12,0.050949913
/home/celia/jfreechart/src/main/java/org/jfree/chart/fx/package-info.java,package-info.java,4,3,0.75,1,0.75
/home/celia/jfreechart/src/main/java/org/jfree/chart/fx/overlay/CrosshairOverlayFX.java,CrosshairOverlayFX.java,98,44,0.4489796,7,0.06413994
/home/celia/jfreechart/src/main/java/org/jfree/chart/fx/overlay/OverlayFX.java,OverlayFX.java,57,50,0.877193,1,0.877193
/home/celia/jfreechart/src/main/java/org/jfree/chart/fx/ChartViewer.java,ChartViewer.java,333,158,0.47447446,31,0.015305628
/home/celia/jfreechart/src/main/java/org/jfree/chart/fx/interaction/ZoomHandlerFX.java,ZoomHandlerFX.java,249,92,0.3694779,17,0.021733994
/home/celia/jfreechart/src/main/java/org/jfree/chart/fx/interaction/AnchorHandlerFX.java,AnchorHandlerFX.java,96,72,0.75,5,0.15
/home/celia/jfreechart/src/main/java/org/jfree/chart/fx/interaction/package-info.java,package-info.java,6,5,0.8333333,1,0.8333333
/home/celia/jfreechart/src/main/java/org/jfree/chart/fx/interaction/ChartMouseListenerFX.java,ChartMouseListenerFX.java,67,60,0.8955224,1,0.8955224
/home/celia/jfreechart/src/main/java/org/jfree/chart/fx/interaction/ChartMouseEventFX.java,ChartMouseEventFX.java,108,81,0.75,3,0.25
/home/celia/jfreechart/src/main/java/org/jfree/chart/fx/interaction/AbstractMouseHandlerFX.java,AbstractMouseHandlerFX.java,201,143,0.71144277,10,0.071144275
/home/celia/jfreechart/src/main/java/org/jfree/chart/fx/interaction/DispatchHandlerFX.java,DispatchHandlerFX.java,104,74,0.71153843,6,0.11858974
/home/celia/jfreechart/src/main/java/org/jfree/chart/fx/interaction/TooltipHandlerFX.java,TooltipHandlerFX.java,103,68,0.66019416,7,0.09431345
/home/celia/jfreechart/src/main/java/org/jfree/chart/fx/interaction/PanHandlerFX.java,PanHandlerFX.java,159,87,0.5471698,11,0.04974271
/home/celia/jfreechart/src/main/java/org/jfree/chart/fx/interaction/MouseHandlerFX.java,MouseHandlerFX.java,130,115,0.88461536,1,0.88461536
/home/celia/jfreechart/src/main/java/org/jfree/chart/fx/interaction/ScrollHandlerFX.java,ScrollHandlerFX.java,133,75,0.56390977,9,0.06265664
/home/celia/jfreechart/src/main/java/org/jfree/chart/fx/ChartCanvas.java,ChartCanvas.java,632,311,0.49208862,78,0.0063088285
/home/celia/jfreechart/src/main/java/org/jfree/chart/fx/demo/TimeSeriesChartFXDemo1.java,TimeSeriesChartFXDemo1.java,424,59,0.13915095,5,0.02783019
/home/celia/jfreechart/src/main/java/org/jfree/chart/fx/demo/package-info.java,package-info.java,4,3,0.75,1,0.75
/home/celia/jfreechart/src/main/java/org/jfree/chart/fx/demo/CrosshairOverlayFXDemo1.java,CrosshairOverlayFXDemo1.java,119,22,0.18487395,9,0.02054155
/home/celia/jfreechart/src/main/java/org/jfree/chart/fx/demo/BarChartFXDemo1.java,BarChartFXDemo1.java,136,70,0.5147059,6,0.085784316
/home/celia/jfreechart/src/main/java/org/jfree/chart/fx/demo/PieChartFXDemo1.java,PieChartFXDemo1.java,156,71,0.4551282,5,0.091025636
/home/celia/jfreechart/src/main/java/org/jfree/chart/MouseWheelHandler.java,MouseWheelHandler.java,147,86,0.585034,11,0.05318491
/home/celia/jfreechart/src/main/java/org/jfree/chart/LegendRenderingOrder.java,LegendRenderingOrder.java,112,74,0.66071427,8,0.08258928
/home/celia/jfreechart/src/main/java/org/jfree/chart/plot/PlotState.java,PlotState.java,63,52,0.82539684,2,0.41269842
/home/celia/jfreechart/src/main/java/org/jfree/chart/plot/XYPlot.java,XYPlot.java,5300,2570,0.48490566,582,8.3317125E-4
/home/celia/jfreechart/src/main/java/org/jfree/chart/plot/DatasetRenderingOrder.java,DatasetRenderingOrder.java,131,88,0.67175573,9,0.07463953
/home/celia/jfreechart/src/main/java/org/jfree/chart/plot/Plot.java,Plot.java,1463,820,0.56049216,130,0.004311478
/home/celia/jfreechart/src/main/java/org/jfree/chart/plot/MeterPlot.java,MeterPlot.java,1186,565,0.47639123,101,0.0047167446
/home/celia/jfreechart/src/main/java/org/jfree/chart/plot/CombinedRangeXYPlot.java,CombinedRangeXYPlot.java,714,336,0.47058824,69,0.0068201195
/home/celia/jfreechart/src/main/java/org/jfree/chart/plot/RingPlot.java,RingPlot.java,677,343,0.506647,55,0.009211764
/home/celia/jfreechart/src/main/java/org/jfree/chart/plot/PiePlot3D.java,PiePlot3D.java,938,267,0.28464818,83,0.0034294962
/home/celia/jfreechart/src/main/java/org/jfree/chart/plot/FastScatterPlot.java,FastScatterPlot.java,1024,528,0.515625,82,0.00628811
/home/celia/jfreechart/src/main/java/org/jfree/chart/plot/SeriesRenderingOrder.java,SeriesRenderingOrder.java,129,86,0.6666667,9,0.074074075
/home/celia/jfreechart/src/main/java/org/jfree/chart/plot/PiePlot.java,PiePlot.java,3455,1820,0.5267728,284,0.0018548338
/home/celia/jfreechart/src/main/java/org/jfree/chart/plot/CategoryMarker.java,CategoryMarker.java,171,111,0.64912283,12,0.05409357
/home/celia/jfreechart/src/main/java/org/jfree/chart/plot/IntervalMarker.java,IntervalMarker.java,213,132,0.6197183,15,0.041314553
/home/celia/jfreechart/src/main/java/org/jfree/chart/plot/CombinedDomainXYPlot.java,CombinedDomainXYPlot.java,741,358,0.4831309,76,0.006356986
/home/celia/jfreechart/src/main/java/org/jfree/chart/plot/Pannable.java,Pannable.java,87,75,0.86206895,1,0.86206895
/home/celia/jfreechart/src/main/java/org/jfree/chart/plot/CenterTextMode.java,CenterTextMode.java,53,50,0.9433962,1,0.9433962
/home/celia/jfreechart/src/main/java/org/jfree/chart/plot/JThermometer.java,JThermometer.java,339,194,0.5722714,33,0.017341558
/home/celia/jfreechart/src/main/java/org/jfree/chart/plot/RainbowPalette.java,RainbowPalette.java,178,95,0.53370786,2,0.26685393
/home/celia/jfreechart/src/main/java/org/jfree/chart/plot/PieLabelLinkStyle.java,PieLabelLinkStyle.java,129,83,0.64341086,9,0.071490094
/home/celia/jfreechart/src/main/java/org/jfree/chart/plot/DrawingSupplier.java,DrawingSupplier.java,97,85,0.87628865,1,0.87628865
/home/celia/jfreechart/src/main/java/org/jfree/chart/plot/ValueMarker.java,ValueMarker.java,146,104,0.7123288,9,0.079147644
/home/celia/jfreechart/src/main/java/org/jfree/chart/plot/PieLabelDistributor.java,PieLabelDistributor.java,208,104,0.5,26,0.01923077
/home/celia/jfreechart/src/main/java/org/jfree/chart/plot/PolarAxisLocation.java,PolarAxisLocation.java,150,88,0.58666664,8,0.07333333
/home/celia/jfreechart/src/main/java/org/jfree/chart/plot/CompassPlot.java,CompassPlot.java,801,371,0.46317104,73,0.0063448087
/home/celia/jfreechart/src/main/java/org/jfree/chart/plot/WaferMapPlot.java,WaferMapPlot.java,391,167,0.42711,31,0.013777741
/home/celia/jfreechart/src/main/java/org/jfree/chart/plot/XYCrosshairState.java,XYCrosshairState.java,52,46,0.88461536,1,0.88461536
/home/celia/jfreechart/src/main/java/org/jfree/chart/plot/CategoryCrosshairState.java,CategoryCrosshairState.java,162,99,0.6111111,11,0.055555556
/home/celia/jfreechart/src/main/java/org/jfree/chart/plot/ColorPalette.java,ColorPalette.java,422,212,0.50236964,47,0.010688716
/home/celia/jfreechart/src/main/java/org/jfree/chart/plot/CategoryPlot.java,CategoryPlot.java,4760,2407,0.5056723,503,0.0010053127
/home/celia/jfreechart/src/main/java/org/jfree/chart/plot/CombinedDomainCategoryPlot.java,CombinedDomainCategoryPlot.java,642,283,0.44080997,63,0.0069969837
/home/celia/jfreechart/src/main/java/org/jfree/chart/plot/CrosshairState.java,CrosshairState.java,457,336,0.73522973,28,0.026258204
/home/celia/jfreechart/src/main/java/org/jfree/chart/plot/DialShape.java,DialShape.java,126,82,0.6507937,9,0.07231041
/home/celia/jfreechart/src/main/java/org/jfree/chart/plot/ContourPlotUtilities.java,ContourPlotUtilities.java,71,59,0.8309859,1,0.8309859
/home/celia/jfreechart/src/main/java/org/jfree/chart/plot/DefaultDrawingSupplier.java,DefaultDrawingSupplier.java,479,215,0.44885176,44,0.010201177
/home/celia/jfreechart/src/main/java/org/jfree/chart/plot/SpiderWebPlot.java,SpiderWebPlot.java,1463,723,0.49419,131,0.0037724427
/home/celia/jfreechart/src/main/java/org/jfree/chart/plot/ThermometerPlot.java,ThermometerPlot.java,1635,883,0.5400612,143,0.0037766516
/home/celia/jfreechart/src/main/java/org/jfree/chart/plot/PieLabelRecord.java,PieLabelRecord.java,259,149,0.57528955,27,0.02130702
/home/celia/jfreechart/src/main/java/org/jfree/chart/plot/AbstractPieLabelDistributor.java,AbstractPieLabelDistributor.java,101,78,0.77227724,5,0.15445545
/home/celia/jfreechart/src/main/java/org/jfree/chart/plot/PlotOrientation.java,PlotOrientation.java,149,100,0.67114097,11,0.061012816
/home/celia/jfreechart/src/main/java/org/jfree/chart/plot/PolarPlot.java,PolarPlot.java,2052,1023,0.49853802,193,0.0025830986
/home/celia/jfreechart/src/main/java/org/jfree/chart/plot/dial/DialPointer.java,DialPointer.java,590,315,0.5338983,43,0.01241624
/home/celia/jfreechart/src/main/java/org/jfree/chart/plot/dial/DialLayerChangeEvent.java,DialLayerChangeEvent.java,68,57,0.8382353,2,0.41911766
/home/celia/jfreechart/src/main/java/org/jfree/chart/plot/dial/DialLayerChangeListener.java,DialLayerChangeListener.java,57,52,0.9122807,1,0.9122807
/home/celia/jfreechart/src/main/java/org/jfree/chart/plot/dial/StandardDialScale.java,StandardDialScale.java,943,529,0.5609756,78,0.007191995
/home/celia/jfreechart/src/main/java/org/jfree/chart/plot/dial/DialScale.java,DialScale.java,70,65,0.9285714,1,0.9285714
/home/celia/jfreechart/src/main/java/org/jfree/chart/plot/dial/DialBackground.java,DialBackground.java,250,151,0.604,16,0.03775
/home/celia/jfreechart/src/main/java/org/jfree/chart/plot/dial/DialPlot.java,DialPlot.java,764,386,0.5052356,77,0.0065615014
/home/celia/jfreechart/src/main/java/org/jfree/chart/plot/dial/StandardDialRange.java,StandardDialRange.java,401,222,0.553616,32,0.0173005
/home/celia/jfreechart/src/main/java/org/jfree/chart/plot/dial/StandardDialFrame.java,StandardDialFrame.java,331,183,0.5528701,22,0.025130458
/home/celia/jfreechart/src/main/java/org/jfree/chart/plot/dial/AbstractDialLayer.java,AbstractDialLayer.java,201,128,0.6368159,14,0.04548685
/home/celia/jfreechart/src/main/java/org/jfree/chart/plot/dial/ArcDialFrame.java,ArcDialFrame.java,477,251,0.5262055,34,0.015476632
/home/celia/jfreechart/src/main/java/org/jfree/chart/plot/dial/DialValueIndicator.java,DialValueIndicator.java,707,387,0.5473833,57,0.009603216
/home/celia/jfreechart/src/main/java/org/jfree/chart/plot/dial/DialLayer.java,DialLayer.java,108,94,0.8703704,1,0.8703704
/home/celia/jfreechart/src/main/java/org/jfree/chart/plot/dial/DialCap.java,DialCap.java,312,182,0.5833333,21,0.027777776
/home/celia/jfreechart/src/main/java/org/jfree/chart/plot/dial/DialFrame.java,DialFrame.java,65,58,0.8923077,1,0.8923077
/home/celia/jfreechart/src/main/java/org/jfree/chart/plot/dial/DialTextAnnotation.java,DialTextAnnotation.java,371,216,0.58221024,27,0.021563342
/home/celia/jfreechart/src/main/java/org/jfree/chart/plot/MultiplePiePlot.java,MultiplePiePlot.java,623,273,0.43820226,58,0.0075552114
/home/celia/jfreechart/src/main/java/org/jfree/chart/plot/MeterInterval.java,MeterInterval.java,204,118,0.57843137,15,0.038562093
/home/celia/jfreechart/src/main/java/org/jfree/chart/plot/ContourPlot.java,ContourPlot.java,1614,735,0.45539033,153,0.0029764073
/home/celia/jfreechart/src/main/java/org/jfree/chart/plot/PlotRenderingInfo.java,PlotRenderingInfo.java,265,159,0.6,23,0.026086958
/home/celia/jfreechart/src/main/java/org/jfree/chart/plot/PiePlotState.java,PiePlotState.java,243,168,0.69135803,21,0.03292181
/home/celia/jfreechart/src/main/java/org/jfree/chart/plot/PlotUtilities.java,PlotUtilities.java,71,55,0.7746479,4,0.19366197
/home/celia/jfreechart/src/main/java/org/jfree/chart/plot/Zoomable.java,Zoomable.java,166,146,0.8795181,1,0.8795181
/home/celia/jfreechart/src/main/java/org/jfree/chart/plot/GreyPalette.java,GreyPalette.java,84,57,0.6785714,3,0.22619046
/home/celia/jfreechart/src/main/java/org/jfree/chart/plot/Marker.java,Marker.java,632,380,0.60126585,54,0.011134553
/home/celia/jfreechart/src/main/java/org/jfree/chart/plot/ValueAxisPlot.java,ValueAxisPlot.java,59,53,0.89830506,1,0.89830506
/home/celia/jfreechart/src/main/java/org/jfree/chart/plot/Crosshair.java,Crosshair.java,668,377,0.5643712,56,0.010078058
/home/celia/jfreechart/src/main/java/org/jfree/chart/plot/ContourValuePlot.java,ContourValuePlot.java,57,51,0.8947368,1,0.8947368
/home/celia/jfreechart/src/main/java/org/jfree/chart/plot/CombinedRangeCategoryPlot.java,CombinedRangeCategoryPlot.java,538,231,0.42936802,55,0.0078066913
/home/celia/jfreechart/src/main/java/org/jfree/chart/ChartFactory.java,ChartFactory.java,2347,1178,0.50191736,87,0.005769165
/home/celia/jfreechart/src/main/java/org/jfree/chart/block/ColorBlock.java,ColorBlock.java,176,111,0.6306818,10,0.06306818
/home/celia/jfreechart/src/main/java/org/jfree/chart/block/BlockBorder.java,BlockBorder.java,224,125,0.55803573,17,0.03282563
/home/celia/jfreechart/src/main/java/org/jfree/chart/block/LineBorder.java,LineBorder.java,224,108,0.48214287,18,0.026785715
/home/celia/jfreechart/src/main/java/org/jfree/chart/block/CenterArrangement.java,CenterArrangement.java,307,168,0.54723126,15,0.036482085
/home/celia/jfreechart/src/main/java/org/jfree/chart/block/BlockFrame.java,BlockFrame.java,66,57,0.8636364,1,0.8636364
/home/celia/jfreechart/src/main/java/org/jfree/chart/block/LabelBlock.java,LabelBlock.java,411,235,0.57177615,33,0.01732655
/home/celia/jfreechart/src/main/java/org/jfree/chart/block/BlockParams.java,BlockParams.java,125,95,0.76,7,0.108571425
/home/celia/jfreechart/src/main/java/org/jfree/chart/block/Block.java,Block.java,109,95,0.8715596,1,0.8715596
/home/celia/jfreechart/src/main/java/org/jfree/chart/block/Arrangement.java,Arrangement.java,77,67,0.8701299,1,0.8701299
/home/celia/jfreechart/src/main/java/org/jfree/chart/block/GridArrangement.java,GridArrangement.java,418,174,0.41626793,34,0.012243174
/home/celia/jfreechart/src/main/java/org/jfree/chart/block/AbstractBlock.java,AbstractBlock.java,612,361,0.58986926,53,0.011129608
/home/celia/jfreechart/src/main/java/org/jfree/chart/block/BlockContainer.java,BlockContainer.java,262,142,0.54198474,25,0.02167939
/home/celia/jfreechart/src/main/java/org/jfree/chart/block/FlowArrangement.java,FlowArrangement.java,419,187,0.44630072,28,0.015939312
/home/celia/jfreechart/src/main/java/org/jfree/chart/block/RectangleConstraint.java,RectangleConstraint.java,329,182,0.5531915,24,0.023049645
/home/celia/jfreechart/src/main/java/org/jfree/chart/block/EmptyBlock.java,EmptyBlock.java,121,88,0.72727275,5,0.14545456
/home/celia/jfreechart/src/main/java/org/jfree/chart/block/BlockResult.java,BlockResult.java,72,58,0.8055556,3,0.26851854
/home/celia/jfreechart/src/main/java/org/jfree/chart/block/EntityBlockParams.java,EntityBlockParams.java,54,50,0.9259259,1,0.9259259
/home/celia/jfreechart/src/main/java/org/jfree/chart/block/EntityBlockResult.java,EntityBlockResult.java,53,48,0.9056604,1,0.9056604
/home/celia/jfreechart/src/main/java/org/jfree/chart/block/LengthConstraintType.java,LengthConstraintType.java,127,81,0.63779527,9,0.07086614
/home/celia/jfreechart/src/main/java/org/jfree/chart/block/ColumnArrangement.java,ColumnArrangement.java,363,158,0.4352617,27,0.016120804
/home/celia/jfreechart/src/main/java/org/jfree/chart/block/BorderArrangement.java,BorderArrangement.java,508,139,0.27362204,54,0.0050670747
/home/celia/jfreechart/src/main/java/org/jfree/chart/ChartUtilities.java,ChartUtilities.java,654,417,0.63761467,6,0.10626911
/home/celia/jfreechart/src/main/java/org/jfree/chart/panel/CrosshairOverlay.java,CrosshairOverlay.java,562,175,0.3113879,52,0.0059882286
/home/celia/jfreechart/src/main/java/org/jfree/chart/panel/Overlay.java,Overlay.java,70,61,0.87142855,1,0.87142855
/home/celia/jfreechart/src/main/java/org/jfree/chart/panel/AbstractOverlay.java,AbstractOverlay.java,108,75,0.6944444,7,0.09920634
/home/celia/jfreechart/src/main/java/org/jfree/chart/event/RendererChangeListener.java,RendererChangeListener.java,54,49,0.9074074,1,0.9074074
/home/celia/jfreechart/src/main/java/org/jfree/chart/event/ChartChangeEvent.java,ChartChangeEvent.java,120,90,0.75,6,0.125
/home/celia/jfreechart/src/main/java/org/jfree/chart/event/MarkerChangeListener.java,MarkerChangeListener.java,58,52,0.8965517,1,0.8965517
/home/celia/jfreechart/src/main/java/org/jfree/chart/event/PlotChangeEvent.java,PlotChangeEvent.java,70,59,0.8428571,2,0.42142856
/home/celia/jfreechart/src/main/java/org/jfree/chart/event/ChartProgressListener.java,ChartProgressListener.java,53,48,0.9056604,1,0.9056604
/home/celia/jfreechart/src/main/java/org/jfree/chart/event/TitleChangeEvent.java,TitleChangeEvent.java,70,59,0.8428571,2,0.42142856
/home/celia/jfreechart/src/main/java/org/jfree/chart/event/MarkerChangeEvent.java,MarkerChangeEvent.java,73,62,0.84931505,2,0.42465752
/home/celia/jfreechart/src/main/java/org/jfree/chart/event/ChartChangeEventType.java,ChartChangeEventType.java,127,81,0.63779527,9,0.07086614
/home/celia/jfreechart/src/main/java/org/jfree/chart/event/OverlayChangeListener.java,OverlayChangeListener.java,55,49,0.8909091,1,0.8909091
/home/celia/jfreechart/src/main/java/org/jfree/chart/event/AxisChangeListener.java,AxisChangeListener.java,61,56,0.91803277,1,0.91803277
/home/celia/jfreechart/src/main/java/org/jfree/chart/event/ChartProgressEvent.java,ChartProgressEvent.java,121,90,0.74380165,6,0.12396694
/home/celia/jfreechart/src/main/java/org/jfree/chart/event/ChartChangeListener.java,ChartChangeListener.java,60,55,0.9166667,1,0.9166667
/home/celia/jfreechart/src/main/java/org/jfree/chart/event/PlotChangeListener.java,PlotChangeListener.java,57,52,0.9122807,1,0.9122807
/home/celia/jfreechart/src/main/java/org/jfree/chart/event/AnnotationChangeEvent.java,AnnotationChangeEvent.java,76,63,0.82894737,2,0.41447368
/home/celia/jfreechart/src/main/java/org/jfree/chart/event/TitleChangeListener.java,TitleChangeListener.java,57,52,0.9122807,1,0.9122807
/home/celia/jfreechart/src/main/java/org/jfree/chart/event/OverlayChangeEvent.java,OverlayChangeEvent.java,57,49,0.8596491,1,0.8596491
/home/celia/jfreechart/src/main/java/org/jfree/chart/event/AxisChangeEvent.java,AxisChangeEvent.java,66,55,0.8333333,2,0.41666666
/home/celia/jfreechart/src/main/java/org/jfree/chart/event/AnnotationChangeListener.java,AnnotationChangeListener.java,58,52,0.8965517,1,0.8965517
/home/celia/jfreechart/src/main/java/org/jfree/chart/event/RendererChangeEvent.java,RendererChangeEvent.java,99,80,0.8080808,3,0.26936027
/home/celia/jfreechart/src/main/java/org/jfree/chart/ClipPath.java,ClipPath.java,387,223,0.57622737,28,0.020579549
/home/celia/jfreechart/src/main/java/org/jfree/chart/editor/PaletteChooserPanel.java,PaletteChooserPanel.java,82,60,0.73170733,1,0.73170733
/home/celia/jfreechart/src/main/java/org/jfree/chart/editor/DefaultPolarPlotEditor.java,DefaultPolarPlotEditor.java,192,83,0.43229166,12,0.036024306
/home/celia/jfreechart/src/main/java/org/jfree/chart/editor/DefaultColorBarEditor.java,DefaultColorBarEditor.java,202,94,0.46534654,8,0.058168318
/home/celia/jfreechart/src/main/java/org/jfree/chart/editor/ChartEditorFactory.java,ChartEditorFactory.java,54,49,0.9074074,1,0.9074074
/home/celia/jfreechart/src/main/java/org/jfree/chart/editor/DefaultChartEditor.java,DefaultChartEditor.java,243,98,0.40329218,11,0.036662925
/home/celia/jfreechart/src/main/java/org/jfree/chart/editor/DefaultPlotEditor.java,DefaultPlotEditor.java,604,206,0.3410596,54,0.0063159186
/home/celia/jfreechart/src/main/java/org/jfree/chart/editor/ChartEditor.java,ChartEditor.java,56,50,0.89285713,1,0.89285713
/home/celia/jfreechart/src/main/java/org/jfree/chart/editor/DefaultAxisEditor.java,DefaultAxisEditor.java,455,235,0.51648355,24,0.021520147
/home/celia/jfreechart/src/main/java/org/jfree/chart/editor/ChartEditorManager.java,ChartEditorManager.java,86,69,0.8023256,4,0.2005814
/home/celia/jfreechart/src/main/java/org/jfree/chart/editor/DefaultNumberAxisEditor.java,DefaultNumberAxisEditor.java,159,61,0.3836478,11,0.034877073
/home/celia/jfreechart/src/main/java/org/jfree/chart/editor/DefaultValueAxisEditor.java,DefaultValueAxisEditor.java,369,145,0.39295393,26,0.015113613
/home/celia/jfreechart/src/main/java/org/jfree/chart/editor/DefaultChartEditorFactory.java,DefaultChartEditorFactory.java,62,52,0.83870965,2,0.41935483
/home/celia/jfreechart/src/main/java/org/jfree/chart/editor/DefaultLogAxisEditor.java,DefaultLogAxisEditor.java,152,70,0.46052632,12,0.038377192
/home/celia/jfreechart/src/main/java/org/jfree/chart/editor/PaletteSample.java,PaletteSample.java,155,90,0.58064514,7,0.0829493
/home/celia/jfreechart/src/main/java/org/jfree/chart/editor/DefaultTitleEditor.java,DefaultTitleEditor.java,265,111,0.41886792,15,0.027924528
/home/celia/jfreechart/src/main/java/org/jfree/chart/imagemap/ToolTipTagFragmentGenerator.java,ToolTipTagFragmentGenerator.java,61,57,0.93442625,1,0.93442625
/home/celia/jfreechart/src/main/java/org/jfree/chart/imagemap/StandardToolTipTagFragmentGenerator.java,StandardToolTipTagFragmentGenerator.java,65,53,0.8153846,2,0.4076923
/home/celia/jfreechart/src/main/java/org/jfree/chart/imagemap/ImageMapUtilities.java,ImageMapUtilities.java,257,134,0.52140075,12,0.04345006
/home/celia/jfreechart/src/main/java/org/jfree/chart/imagemap/StandardURLTagFragmentGenerator.java,StandardURLTagFragmentGenerator.java,66,55,0.8333333,2,0.41666666
/home/celia/jfreechart/src/main/java/org/jfree/chart/imagemap/DynamicDriveToolTipTagFragmentGenerator.java,DynamicDriveToolTipTagFragmentGenerator.java,86,67,0.7790698,3,0.25968993
/home/celia/jfreechart/src/main/java/org/jfree/chart/imagemap/OverLIBToolTipTagFragmentGenerator.java,OverLIBToolTipTagFragmentGenerator.java,69,56,0.8115942,2,0.4057971
/home/celia/jfreechart/src/main/java/org/jfree/chart/imagemap/URLTagFragmentGenerator.java,URLTagFragmentGenerator.java,62,54,0.87096775,1,0.87096775
/home/celia/jfreechart/src/main/java/org/jfree/chart/StrokeMap.java,StrokeMap.java,204,117,0.5735294,15,0.038235296
/home/celia/jfreechart/src/main/java/org/jfree/chart/HashUtilities.java,HashUtilities.java,327,199,0.6085627,29,0.020984922
/home/celia/jfreechart/src/main/java/org/jfree/chart/encoders/ImageFormat.java,ImageFormat.java,52,49,0.9423077,1,0.9423077
/home/celia/jfreechart/src/main/java/org/jfree/chart/encoders/KeypointPNGEncoderAdapter.java,KeypointPNGEncoderAdapter.java,130,89,0.6846154,5,0.13692307
/home/celia/jfreechart/src/main/java/org/jfree/chart/encoders/SunPNGEncoderAdapter.java,SunPNGEncoderAdapter.java,123,87,0.70731705,5,0.14146341
/home/celia/jfreechart/src/main/java/org/jfree/chart/encoders/EncoderUtil.java,EncoderUtil.java,178,125,0.7022472,1,0.7022472
/home/celia/jfreechart/src/main/java/org/jfree/chart/encoders/SunJPEGEncoderAdapter.java,SunJPEGEncoderAdapter.java,167,109,0.6526946,7,0.09324209
/home/celia/jfreechart/src/main/java/org/jfree/chart/encoders/ImageEncoder.java,ImageEncoder.java,95,82,0.86315787,1,0.86315787
/home/celia/jfreechart/src/main/java/org/jfree/chart/encoders/ImageEncoderFactory.java,ImageEncoderFactory.java,143,95,0.66433567,4,0.16608392
/home/celia/jfreechart/src/main/java/org/jfree/chart/resources/JFreeChartResources.java,JFreeChartResources.java,59,51,0.86440676,2,0.43220338
/home/celia/jfreechart/src/main/java/org/jfree/chart/StandardChartTheme.java,StandardChartTheme.java,1693,754,0.44536325,189,0.0023564193
/home/celia/jfreechart/src/main/java/org/jfree/chart/JFreeChart.java,JFreeChart.java,1797,906,0.50417364,143,0.0035256897
/home/celia/jfreechart/src/main/java/org/jfree/chart/ChartMouseEvent.java,ChartMouseEvent.java,105,80,0.7619048,3,0.25396827
/home/celia/jfreechart/src/main/java/org/jfree/chart/labels/XYZToolTipGenerator.java,XYZToolTipGenerator.java,59,54,0.91525424,1,0.91525424
/home/celia/jfreechart/src/main/java/org/jfree/chart/labels/StandardCrosshairLabelGenerator.java,StandardCrosshairLabelGenerator.java,148,87,0.5878378,12,0.048986483
/home/celia/jfreechart/src/main/java/org/jfree/chart/labels/CategorySeriesLabelGenerator.java,CategorySeriesLabelGenerator.java,62,57,0.91935486,1,0.91935486
/home/celia/jfreechart/src/main/java/org/jfree/chart/labels/AbstractXYItemLabelGenerator.java,AbstractXYItemLabelGenerator.java,338,187,0.5532544,26,0.021279017
/home/celia/jfreechart/src/main/java/org/jfree/chart/labels/XYSeriesLabelGenerator.java,XYSeriesLabelGenerator.java,63,58,0.9206349,1,0.9206349
/home/celia/jfreechart/src/main/java/org/jfree/chart/labels/IntervalXYItemLabelGenerator.java,IntervalXYItemLabelGenerator.java,249,126,0.5060241,15,0.03373494
/home/celia/jfreechart/src/main/java/org/jfree/chart/labels/StandardXYZToolTipGenerator.java,StandardXYZToolTipGenerator.java,230,129,0.5608696,14,0.04006211
/home/celia/jfreechart/src/main/java/org/jfree/chart/labels/BubbleXYItemLabelGenerator.java,BubbleXYItemLabelGenerator.java,253,139,0.5494071,16,0.034337945
/home/celia/jfreechart/src/main/java/org/jfree/chart/labels/StandardXYSeriesLabelGenerator.java,StandardXYSeriesLabelGenerator.java,159,103,0.6477987,10,0.06477987
/home/celia/jfreechart/src/main/java/org/jfree/chart/labels/StandardContourToolTipGenerator.java,StandardContourToolTipGenerator.java,124,68,0.5483871,7,0.078341015
/home/celia/jfreechart/src/main/java/org/jfree/chart/labels/PieSectionLabelGenerator.java,PieSectionLabelGenerator.java,102,91,0.89215684,1,0.89215684
/home/celia/jfreechart/src/main/java/org/jfree/chart/labels/StandardPieSectionLabelGenerator.java,StandardPieSectionLabelGenerator.java,238,161,0.6764706,12,0.05637255
/home/celia/jfreechart/src/main/java/org/jfree/chart/labels/CrosshairLabelGenerator.java,CrosshairLabelGenerator.java,56,51,0.91071427,1,0.91071427
/home/celia/jfreechart/src/main/java/org/jfree/chart/labels/StandardCategoryItemLabelGenerator.java,StandardCategoryItemLabelGenerator.java,137,96,0.7007299,5,0.14014599
/home/celia/jfreechart/src/main/java/org/jfree/chart/labels/HighLowItemLabelGenerator.java,HighLowItemLabelGenerator.java,214,111,0.5186916,20,0.02593458
/home/celia/jfreechart/src/main/java/org/jfree/chart/labels/StandardXYItemLabelGenerator.java,StandardXYItemLabelGenerator.java,197,144,0.7309645,7,0.1044235
/home/celia/jfreechart/src/main/java/org/jfree/chart/labels/ItemLabelAnchor.java,ItemLabelAnchor.java,256,125,0.48828125,8,0.061035156
/home/celia/jfreechart/src/main/java/org/jfree/chart/labels/BoxAndWhiskerToolTipGenerator.java,BoxAndWhiskerToolTipGenerator.java,138,87,0.6304348,5,0.12608697
/home/celia/jfreechart/src/main/java/org/jfree/chart/labels/StandardPieToolTipGenerator.java,StandardPieToolTipGenerator.java,159,122,0.7672956,6,0.1278826
/home/celia/jfreechart/src/main/java/org/jfree/chart/labels/IntervalCategoryToolTipGenerator.java,IntervalCategoryToolTipGenerator.java,142,83,0.58450705,7,0.083501
/home/celia/jfreechart/src/main/java/org/jfree/chart/labels/PieToolTipGenerator.java,PieToolTipGenerator.java,58,53,0.9137931,1,0.9137931
/home/celia/jfreechart/src/main/java/org/jfree/chart/labels/ContourToolTipGenerator.java,ContourToolTipGenerator.java,64,57,0.890625,1,0.890625
/home/celia/jfreechart/src/main/java/org/jfree/chart/labels/BoxAndWhiskerXYToolTipGenerator.java,BoxAndWhiskerXYToolTipGenerator.java,155,99,0.63870966,6,0.10645161
/home/celia/jfreechart/src/main/java/org/jfree/chart/labels/MultipleXYSeriesLabelGenerator.java,MultipleXYSeriesLabelGenerator.java,223,111,0.49775785,19,0.026197782
/home/celia/jfreechart/src/main/java/org/jfree/chart/labels/XYItemLabelGenerator.java,XYItemLabelGenerator.java,66,61,0.92424244,1,0.92424244
/home/celia/jfreechart/src/main/java/org/jfree/chart/labels/SymbolicXYItemLabelGenerator.java,SymbolicXYItemLabelGenerator.java,167,101,0.6047904,11,0.054980945
/home/celia/jfreechart/src/main/java/org/jfree/chart/labels/ItemLabelPosition.java,ItemLabelPosition.java,166,105,0.6325301,12,0.052710842
/home/celia/jfreechart/src/main/java/org/jfree/chart/labels/StandardXYToolTipGenerator.java,StandardXYToolTipGenerator.java,177,124,0.700565,7,0.10008071
/home/celia/jfreechart/src/main/java/org/jfree/chart/labels/AbstractPieItemLabelGenerator.java,AbstractPieItemLabelGenerator.java,222,121,0.545045,19,0.02868658
/home/celia/jfreechart/src/main/java/org/jfree/chart/labels/XYToolTipGenerator.java,XYToolTipGenerator.java,59,54,0.91525424,1,0.91525424
/home/celia/jfreechart/src/main/java/org/jfree/chart/labels/CustomXYToolTipGenerator.java,CustomXYToolTipGenerator.java,178,103,0.57865167,18,0.032147314
/home/celia/jfreechart/src/main/java/org/jfree/chart/labels/IntervalXYToolTipGenerator.java,IntervalXYToolTipGenerator.java,246,127,0.51626015,15,0.034417342
/home/celia/jfreechart/src/main/java/org/jfree/chart/labels/StandardCategorySeriesLabelGenerator.java,StandardCategorySeriesLabelGenerator.java,152,97,0.6381579,10,0.06381579
/home/celia/jfreechart/src/main/java/org/jfree/chart/labels/CategoryToolTipGenerator.java,CategoryToolTipGenerator.java,66,61,0.92424244,1,0.92424244
/home/celia/jfreechart/src/main/java/org/jfree/chart/labels/StandardCategoryToolTipGenerator.java,StandardCategoryToolTipGenerator.java,120,83,0.69166666,4,0.17291667
/home/celia/jfreechart/src/main/java/org/jfree/chart/labels/IntervalCategoryItemLabelGenerator.java,IntervalCategoryItemLabelGenerator.java,126,73,0.5793651,4,0.14484127
/home/celia/jfreechart/src/main/java/org/jfree/chart/labels/CategoryItemLabelGenerator.java,CategoryItemLabelGenerator.java,100,93,0.93,1,0.93
/home/celia/jfreechart/src/main/java/org/jfree/chart/labels/AbstractCategoryItemLabelGenerator.java,AbstractCategoryItemLabelGenerator.java,298,165,0.55369127,18,0.030760625
/home/celia/jfreechart/src/main/java/org/jfree/chart/LegendItem.java,LegendItem.java,1057,658,0.6225166,73,0.008527624
/home/celia/jfreechart/src/main/java/org/jfree/chart/util/ParamChecks.java,ParamChecks.java,99,77,0.7777778,5,0.15555556
/home/celia/jfreechart/src/main/java/org/jfree/chart/util/ExportUtils.java,ExportUtils.java,240,104,0.43333334,4,0.108333334
/home/celia/jfreechart/src/main/java/org/jfree/chart/util/LineUtilities.java,LineUtilities.java,160,74,0.4625,6,0.077083334
/home/celia/jfreechart/src/main/java/org/jfree/chart/util/DirectionalGradientPaintTransformer.java,DirectionalGradientPaintTransformer.java,134,84,0.6268657,4,0.15671642
/home/celia/jfreechart/src/main/java/org/jfree/chart/util/ResourceBundleWrapper.java,ResourceBundleWrapper.java,158,112,0.70886075,7,0.101265825
/home/celia/jfreechart/src/main/java/org/jfree/chart/util/ShadowGenerator.java,ShadowGenerator.java,72,65,0.9027778,1,0.9027778
/home/celia/jfreechart/src/main/java/org/jfree/chart/util/CloneUtils.java,CloneUtils.java,103,62,0.60194176,6,0.100323625
/home/celia/jfreechart/src/main/java/org/jfree/chart/util/DefaultShadowGenerator.java,DefaultShadowGenerator.java,291,137,0.4707904,27,0.017436681
/home/celia/jfreechart/src/main/java/org/jfree/chart/util/PaintAlpha.java,PaintAlpha.java,368,262,0.7119565,25,0.02847826
/home/celia/jfreechart/src/main/java/org/jfree/chart/util/LogFormat.java,LogFormat.java,242,149,0.61570245,17,0.03621779
/home/celia/jfreechart/src/main/java/org/jfree/chart/util/RelativeDateFormat.java,RelativeDateFormat.java,536,308,0.57462686,45,0.012769486
/home/celia/jfreechart/src/main/java/org/jfree/chart/util/AttrStringUtils.java,AttrStringUtils.java,303,122,0.40264025,14,0.028760018
/home/celia/jfreechart/src/main/java/org/jfree/chart/util/TextUtils.java,TextUtils.java,245,123,0.5020408,6,0.08367347
/home/celia/jfreechart/src/main/java/org/jfree/chart/util/HexNumberFormat.java,HexNumberFormat.java,142,100,0.70422536,6,0.117370896
/home/celia/jfreechart/src/main/java/org/jfree/chart/util/XYCoordinateType.java,XYCoordinateType.java,125,83,0.664,8,0.083
/home/celia/jfreechart/src/main/java/org/jfree/chart/util/HMSNumberFormat.java,HMSNumberFormat.java,111,80,0.7207207,2,0.36036035
/home/celia/jfreechart/src/main/java/org/jfree/chart/ChartTransferable.java,ChartTransferable.java,253,152,0.6007905,7,0.08582722
/home/celia/jfreechart/src/main/java/org/jfree/chart/LegendItemSource.java,LegendItemSource.java,53,49,0.9245283,1,0.9245283
/home/celia/jfreechart/src/main/java/org/jfree/chart/ChartMouseListener.java,ChartMouseListener.java,67,61,0.9104478,1,0.9104478
/home/celia/jfreechart/src/main/java/org/jfree/chart/PolarChartPanel.java,PolarChartPanel.java,238,126,0.5294118,15,0.03529412
/home/celia/jfreechart/src/main/java/org/jfree/chart/DrawableLegendItem.java,DrawableLegendItem.java,224,160,0.71428573,17,0.042016808
/home/celia/jfreechart/src/main/java/org/jfree/chart/needle/ShipNeedle.java,ShipNeedle.java,127,79,0.62204725,7,0.088863894
/home/celia/jfreechart/src/main/java/org/jfree/chart/needle/WindNeedle.java,WindNeedle.java,115,72,0.62608695,7,0.089440994
/home/celia/jfreechart/src/main/java/org/jfree/chart/needle/PointerNeedle.java,PointerNeedle.java,148,79,0.5337838,10,0.05337838
/home/celia/jfreechart/src/main/java/org/jfree/chart/needle/LongNeedle.java,LongNeedle.java,169,83,0.49112427,11,0.04464766
/home/celia/jfreechart/src/main/java/org/jfree/chart/needle/PlumNeedle.java,PlumNeedle.java,128,78,0.609375,7,0.087053575
/home/celia/jfreechart/src/main/java/org/jfree/chart/needle/MiddlePinNeedle.java,MiddlePinNeedle.java,140,80,0.5714286,8,0.071428575
/home/celia/jfreechart/src/main/java/org/jfree/chart/needle/MeterNeedle.java,MeterNeedle.java,385,212,0.55064934,38,0.014490772
/home/celia/jfreechart/src/main/java/org/jfree/chart/needle/LineNeedle.java,LineNeedle.java,118,78,0.66101694,6,0.11016949
/home/celia/jfreechart/src/main/java/org/jfree/chart/needle/ArrowNeedle.java,ArrowNeedle.java,164,87,0.5304878,11,0.048226163
/home/celia/jfreechart/src/main/java/org/jfree/chart/needle/PinNeedle.java,PinNeedle.java,138,80,0.5797101,8,0.072463766
/home/celia/jfreechart/src/main/java/org/jfree/chart/PaintMap.java,PaintMap.java,209,122,0.58373207,15,0.03891547
/home/celia/jfreechart/src/main/java/org/jfree/chart/entity/CategoryLabelEntity.java,CategoryLabelEntity.java,122,78,0.6393443,7,0.091334894
/home/celia/jfreechart/src/main/java/org/jfree/chart/entity/AxisEntity.java,AxisEntity.java,198,120,0.6060606,14,0.043290045
/home/celia/jfreechart/src/main/java/org/jfree/chart/entity/PlotEntity.java,PlotEntity.java,197,119,0.6040609,14,0.043147206
/home/celia/jfreechart/src/main/java/org/jfree/chart/entity/EntityCollection.java,EntityCollection.java,106,93,0.8773585,1,0.8773585
/home/celia/jfreechart/src/main/java/org/jfree/chart/entity/ChartEntity.java,ChartEntity.java,406,227,0.5591133,33,0.016942829
/home/celia/jfreechart/src/main/java/org/jfree/chart/entity/CategoryItemEntity.java,CategoryItemEntity.java,353,241,0.6827195,22,0.031032706
/home/celia/jfreechart/src/main/java/org/jfree/chart/entity/XYItemEntity.java,XYItemEntity.java,167,112,0.6706587,12,0.055888224
/home/celia/jfreechart/src/main/java/org/jfree/chart/entity/TickLabelEntity.java,TickLabelEntity.java,61,52,0.852459,1,0.852459
/home/celia/jfreechart/src/main/java/org/jfree/chart/entity/PieSectionEntity.java,PieSectionEntity.java,231,150,0.64935064,17,0.038197096
/home/celia/jfreechart/src/main/java/org/jfree/chart/entity/JFreeChartEntity.java,JFreeChartEntity.java,197,119,0.6040609,14,0.043147206
/home/celia/jfreechart/src/main/java/org/jfree/chart/entity/StandardEntityCollection.java,StandardEntityCollection.java,197,119,0.6040609,16,0.037753806
/home/celia/jfreechart/src/main/java/org/jfree/chart/entity/TitleEntity.java,TitleEntity.java,197,119,0.6040609,14,0.043147206
/home/celia/jfreechart/src/main/java/org/jfree/chart/entity/ContourEntity.java,ContourEntity.java,129,90,0.6976744,9,0.07751938
/home/celia/jfreechart/src/main/java/org/jfree/chart/entity/XYAnnotationEntity.java,XYAnnotationEntity.java,106,71,0.6698113,7,0.09568733
/home/celia/jfreechart/src/main/java/org/jfree/chart/entity/LegendItemEntity.java,LegendItemEntity.java,200,140,0.7,15,0.046666667
/home/celia/jfreechart/src/main/java/org/jfree/chart/Effect3D.java,Effect3D.java,59,54,0.91525424,1,0.91525424
/home/celia/jfreechart/LOCMetrics.java,LOCMetrics.java,85,33,0.3882353,13,0.029864253
/home/celia/jfreechart/LOCMetricsMeasurer.java,LOCMetricsMeasurer.java,123,45,0.36585367,12,0.030487806
/home/celia/jfreechart/MeasureDoc.java,MeasureDoc.java,110,30,0.27272728,13,0.02097902
